14:49:40|0.000000|0.000000|0.000000|5780.000000|0.000000|0.000000|0.000000|500.000000|0.000000|0.000000|1500.000000|4500.000000|0.000000|0.000000|0.000000|0.000000|0.000000|0.000000|0.000000|0.000000|0.000000|0.000000|0.000000|0.000000|0.000000|0.000000|0.000000|0.000000|0.000000|0.000000|0.000000|0.000000
14:50:15|9928.000000|10000.000000|0.000000|5780.000000|0.000000|9952.000000|2828.000000|500.000000|0.000000|0.000000|1500.000000|4500.000000|20000.000000|24.000000|7100.000000|5.449000|10.000000|5.000000|5.000000|4.000000|0.000000|0.000000|0.000000|0.000000|9940.000000|1988.000000|2.000000|1.000000|1.000000|5.000000|11651.759766|1723.759766
14:50:41|9928.000000|10000.000000|0.000000|5780.000000|0.000000|9952.000000|2828.000000|500.000000|0.000000|0.000000|1500.000000|4500.000000|20000.000000|24.000000|7100.000000|5.449000|10.000000|5.000000|5.000000|4.000000|0.000000|0.000000|0.000000|0.000000|9940.000000|1988.000000|2.000000|1.000000|1.000000|5.000000|11651.759766|1723.759766
14:51:11|9928.000000|10000.000000|0.000000|5780.000000|0.000000|9952.000000|2828.000000|500.000000|0.000000|0.000000|1500.000000|4500.000000|20000.000000|24.000000|7100.000000|5.449000|10.000000|5.000000|5.000000|4.000000|0.000000|0.000000|0.000000|0.000000|9940.000000|1988.000000|2.000000|1.000000|1.000000|5.000000|11651.759766|1723.759766
14:53:26|9928.000000|10000.000000|0.000000|1000.000000|1000.000000|9952.000000|2828.000000|500.000000|0.000000|0.000000|1500.000000|4500.000000|20000.000000|24.000000|7100.000000|5.449000|10.000000|5.000000|5.000000|4.000000|0.000000|0.000000|0.000000|0.000000|9940.000000|1988.000000|2.000000|1.000000|1.000000|5.000000|11651.759766|1723.759766
14:53:57|9928.000000|10000.000000|0.000000|1000.000000|1000.000000|9952.000000|2828.000000|500.000000|0.000000|0.000000|1500.000000|4500.000000|20000.000000|24.000000|7100.000000|5.449000|10.000000|5.000000|5.000000|4.000000|0.000000|0.000000|0.000000|0.000000|9940.000000|1988.000000|2.000000|1.000000|1.000000|5.000000|11651.759766|1723.759766
14:54:33|4558.000000|10000.000000|0.000000|1000.000000|1000.000000|9286.530273|2828.000000|500.000000|0.000000|0.000000|1500.000000|4500.000000|20000.000000|4728.530273|1730.000000|5.449000|10.000000|5.000000|5.000000|4.000000|0.000000|0.000000|0.000000|0.000000|9940.000000|1988.000000|2.000000|1.000000|1.000000|5.000000|10986.290039|6428.290039
14:55:03|4558.000000|10000.000000|0.000000|1000.000000|1000.000000|9286.530273|2828.000000|500.000000|0.000000|0.000000|1500.000000|4500.000000|20000.000000|4728.530273|1730.000000|5.449000|10.000000|5.000000|5.000000|4.000000|0.000000|0.000000|0.000000|0.000000|9940.000000|1988.000000|2.000000|1.000000|1.000000|5.000000|10986.290039|6428.290039
15:14:07|4558.000000|10000.000000|0.000000|1000.000000|1000.000000|9286.530273|2828.000000|500.000000|0.000000|0.000000|1500.000000|4500.000000|20000.000000|4728.530273|1730.000000|5.449000|10.000000|5.000000|5.000000|4.000000|0.000000|0.000000|0.000000|0.000000|9940.000000|1988.000000|2.000000|1.000000|1.000000|5.000000|10986.290039|6428.290039
15:14:37|4558.000000|10000.000000|0.000000|1000.000000|1000.000000|9286.530273|2828.000000|500.000000|0.000000|0.000000|1500.000000|4500.000000|20000.000000|4728.530273|1730.000000|5.449000|10.000000|5.000000|5.000000|4.000000|0.000000|0.000000|0.000000|0.000000|9940.000000|1988.000000|2.000000|1.000000|1.000000|5.000000|10986.290039|6428.290039
15:15:07|4558.000000|10000.000000|0.000000|1000.000000|1000.000000|9286.530273|2828.000000|500.000000|0.000000|0.000000|1500.000000|4500.000000|20000.000000|4728.530273|1730.000000|5.449000|10.000000|5.000000|5.000000|4.000000|0.000000|0.000000|0.000000|0.000000|9940.000000|1988.000000|2.000000|1.000000|1.000000|5.000000|10986.290039|6428.290039
15:15:37|4558.000000|10000.000000|0.000000|1000.000000|1000.000000|9286.530273|2828.000000|500.000000|0.000000|0.000000|1500.000000|4500.000000|20000.000000|4728.530273|1730.000000|5.449000|10.000000|5.000000|5.000000|4.000000|0.000000|0.000000|0.000000|0.000000|9940.000000|1988.000000|2.000000|1.000000|1.000000|5.000000|10986.290039|6428.290039
15:16:08|4558.000000|10000.000000|0.000000|1000.000000|1000.000000|9286.530273|2828.000000|500.000000|0.000000|0.000000|1500.000000|4500.000000|20000.000000|4728.530273|1730.000000|5.449000|10.000000|5.000000|5.000000|4.000000|0.000000|0.000000|0.000000|0.000000|9940.000000|1988.000000|2.000000|1.000000|1.000000|5.000000|10986.290039|6428.290039
15:16:38|4558.000000|10000.000000|0.000000|1000.000000|1000.000000|9286.530273|2828.000000|500.000000|0.000000|0.000000|1500.000000|4500.000000|20000.000000|4728.530273|1730.000000|5.449000|10.000000|5.000000|5.000000|4.000000|0.000000|0.000000|0.000000|0.000000|9940.000000|1988.000000|2.000000|1.000000|1.000000|5.000000|10986.290039|6428.290039
15:17:08|4558.000000|10000.000000|0.000000|1000.000000|1000.000000|9286.530273|2828.000000|500.000000|0.000000|0.000000|1500.000000|4500.000000|20000.000000|4728.530273|1730.000000|5.449000|10.000000|5.000000|5.000000|4.000000|0.000000|0.000000|0.000000|0.000000|9940.000000|1988.000000|2.000000|1.000000|1.000000|5.000000|10986.290039|6428.290039
15:17:38|4558.000000|10000.000000|0.000000|1000.000000|1000.000000|9286.530273|2828.000000|500.000000|0.000000|0.000000|1500.000000|4500.000000|20000.000000|4728.530273|1730.000000|5.449000|10.000000|5.000000|5.000000|4.000000|0.000000|0.000000|0.000000|0.000000|9940.000000|1988.000000|2.000000|1.000000|1.000000|5.000000|10986.290039|6428.290039
15:18:08|4558.000000|10000.000000|0.000000|1000.000000|1000.000000|9286.530273|2828.000000|500.000000|0.000000|0.000000|1500.000000|4500.000000|20000.000000|4728.530273|1730.000000|5.449000|10.000000|5.000000|5.000000|4.000000|0.000000|0.000000|0.000000|0.000000|9940.000000|1988.000000|2.000000|1.000000|1.000000|5.000000|10986.290039|6428.290039
15:18:38|4558.000000|10000.000000|0.000000|1000.000000|1000.000000|9286.530273|2828.000000|500.000000|0.000000|0.000000|1500.000000|4500.000000|20000.000000|4728.530273|1730.000000|5.449000|10.000000|5.000000|5.000000|4.000000|0.000000|0.000000|0.000000|0.000000|9940.000000|1988.000000|2.000000|1.000000|1.000000|5.000000|10986.290039|6428.290039
15:19:08|4558.000000|10000.000000|0.000000|1000.000000|1000.000000|9286.530273|2828.000000|500.000000|0.000000|0.000000|1500.000000|4500.000000|20000.000000|4728.530273|1730.000000|5.449000|10.000000|5.000000|5.000000|4.000000|0.000000|0.000000|0.000000|0.000000|9940.000000|1988.000000|2.000000|1.000000|1.000000|5.000000|10986.290039|6428.290039
15:19:38|4558.000000|10000.000000|0.000000|1000.000000|1000.000000|9286.530273|2828.000000|500.000000|0.000000|0.000000|1500.000000|4500.000000|20000.000000|4728.530273|1730.000000|5.449000|10.000000|5.000000|5.000000|4.000000|0.000000|0.000000|0.000000|0.000000|9940.000000|1988.000000|2.000000|1.000000|1.000000|5.000000|10986.290039|6428.290039
15:20:08|4558.000000|10000.000000|0.000000|1000.000000|1000.000000|9286.530273|2828.000000|500.000000|0.000000|0.000000|1500.000000|4500.000000|20000.000000|4728.530273|1730.000000|5.449000|10.000000|5.000000|5.000000|4.000000|0.000000|0.000000|0.000000|0.000000|9940.000000|1988.000000|2.000000|1.000000|1.000000|5.000000|10986.290039|6428.290039
15:20:38|4558.000000|10000.000000|0.000000|1000.000000|1000.000000|9286.530273|2828.000000|500.000000|0.000000|0.000000|1500.000000|4500.000000|20000.000000|4728.530273|1730.000000|5.449000|10.000000|5.000000|5.000000|4.000000|0.000000|0.000000|0.000000|0.000000|9940.000000|1988.000000|2.000000|1.000000|1.000000|5.000000|10986.290039|6428.290039
15:21:08|4558.000000|10000.000000|0.000000|1000.000000|1000.000000|9286.530273|2828.000000|500.000000|0.000000|0.000000|1500.000000|4500.000000|20000.000000|4728.530273|1730.000000|5.449000|10.000000|5.000000|5.000000|4.000000|0.000000|0.000000|0.000000|0.000000|9940.000000|1988.000000|2.000000|1.000000|1.000000|5.000000|10986.290039|6428.290039
15:21:38|4558.000000|10000.000000|0.000000|1000.000000|1000.000000|9286.530273|2828.000000|500.000000|0.000000|0.000000|1500.000000|4500.000000|20000.000000|4728.530273|1730.000000|5.449000|10.000000|5.000000|5.000000|4.000000|0.000000|0.000000|0.000000|0.000000|9940.000000|1988.000000|2.000000|1.000000|1.000000|5.000000|10986.290039|6428.290039
15:22:08|4558.000000|10000.000000|0.000000|1000.000000|1000.000000|9286.530273|2828.000000|500.000000|0.000000|0.000000|1500.000000|4500.000000|20000.000000|4728.530273|1730.000000|5.449000|10.000000|5.000000|5.000000|4.000000|0.000000|0.000000|0.000000|0.000000|9940.000000|1988.000000|2.000000|1.000000|1.000000|5.000000|10986.290039|6428.290039
15:22:38|4558.000000|10000.000000|0.000000|1000.000000|1000.000000|9286.530273|2828.000000|500.000000|0.000000|0.000000|1500.000000|4500.000000|20000.000000|4728.530273|1730.000000|5.449000|10.000000|5.000000|5.000000|4.000000|0.000000|0.000000|0.000000|0.000000|9940.000000|1988.000000|2.000000|1.000000|1.000000|5.000000|10986.290039|6428.290039
15:23:08|4558.000000|10000.000000|0.000000|1000.000000|1000.000000|9286.530273|2828.000000|500.000000|0.000000|0.000000|1500.000000|4500.000000|20000.000000|4728.530273|1730.000000|5.449000|10.000000|5.000000|5.000000|4.000000|0.000000|0.000000|0.000000|0.000000|9940.000000|1988.000000|2.000000|1.000000|1.000000|5.000000|10986.290039|6428.290039
15:23:38|4558.000000|10000.000000|0.000000|1000.000000|1000.000000|9286.530273|2828.000000|500.000000|0.000000|0.000000|1500.000000|4500.000000|20000.000000|4728.530273|1730.000000|5.449000|10.000000|5.000000|5.000000|4.000000|0.000000|0.000000|0.000000|0.000000|9940.000000|1988.000000|2.000000|1.000000|1.000000|5.000000|10986.290039|6428.290039
15:24:08|2582.000000|8000.000000|0.000000|1000.000000|1000.000000|7286.530273|2618.000000|500.000000|0.000000|0.000000|1500.000000|4500.000000|20000.000000|4704.530273|0.000000|5.449000|10.000000|4.000000|6.000000|4.000000|0.000000|0.000000|0.000000|0.000000|7952.000000|1988.000000|2.000000|1.000000|2.000000|4.000000|10986.290039|8404.290039
15:24:38|2582.000000|8000.000000|0.000000|1000.000000|1000.000000|7286.530273|2618.000000|500.000000|0.000000|0.000000|1500.000000|4500.000000|20000.000000|4704.530273|0.000000|5.449000|10.000000|4.000000|6.000000|4.000000|0.000000|0.000000|0.000000|0.000000|7952.000000|1988.000000|2.000000|1.000000|2.000000|4.000000|10986.290039|8404.290039
15:25:09|2582.000000|8000.000000|0.000000|1000.000000|1000.000000|7286.530273|2618.000000|500.000000|0.000000|0.000000|1500.000000|4500.000000|20000.000000|4704.530273|0.000000|5.449000|10.000000|4.000000|6.000000|4.000000|0.000000|0.000000|0.000000|0.000000|7952.000000|1988.000000|2.000000|1.000000|2.000000|4.000000|10986.290039|8404.290039
15:25:39|2582.000000|8000.000000|0.000000|1000.000000|1000.000000|7286.530273|2618.000000|500.000000|0.000000|0.000000|1500.000000|4500.000000|20000.000000|4704.530273|0.000000|5.449000|10.000000|4.000000|6.000000|4.000000|0.000000|0.000000|0.000000|0.000000|7952.000000|1988.000000|2.000000|1.000000|2.000000|4.000000|10986.290039|8404.290039
15:26:09|2384.000000|6000.000000|0.000000|1000.000000|1000.000000|5352.100098|2408.000000|500.000000|0.000000|0.000000|1500.000000|4500.000000|20000.000000|2968.100098|0.000000|5.449000|10.000000|3.000000|7.000000|4.000000|0.000000|0.000000|0.000000|0.000000|5964.000000|1988.000000|2.000000|1.000000|3.000000|3.000000|10986.290039|8602.290039
15:26:39|2384.000000|6000.000000|0.000000|1000.000000|1000.000000|5352.100098|2408.000000|500.000000|0.000000|0.000000|1500.000000|4500.000000|20000.000000|2968.100098|0.000000|5.449000|10.000000|3.000000|7.000000|4.000000|0.000000|0.000000|0.000000|0.000000|5964.000000|1988.000000|2.000000|1.000000|3.000000|3.000000|10986.290039|8602.290039
15:27:09|2186.000000|4000.000000|0.000000|1000.000000|1000.000000|3809.540039|2198.000000|500.000000|0.000000|0.000000|1500.000000|4500.000000|20000.000000|1623.540039|0.000000|5.449000|10.000000|2.000000|8.000000|4.000000|0.000000|0.000000|0.000000|0.000000|3976.000000|1988.000000|2.000000|1.000000|4.000000|2.000000|10986.290039|8800.290039
15:27:39|2186.000000|4000.000000|0.000000|1000.000000|1000.000000|3809.540039|2198.000000|500.000000|0.000000|0.000000|1500.000000|4500.000000|20000.000000|1623.540039|0.000000|5.449000|10.000000|2.000000|8.000000|4.000000|0.000000|0.000000|0.000000|0.000000|3976.000000|1988.000000|2.000000|1.000000|4.000000|2.000000|10986.290039|8800.290039
15:28:09|2186.000000|4000.000000|0.000000|1000.000000|1000.000000|3809.540039|2198.000000|500.000000|0.000000|0.000000|1500.000000|4500.000000|20000.000000|1623.540039|0.000000|5.449000|10.000000|2.000000|8.000000|4.000000|0.000000|0.000000|0.000000|0.000000|3976.000000|1988.000000|2.000000|1.000000|4.000000|2.000000|10986.290039|8800.290039
15:28:39|2186.000000|4000.000000|0.000000|1000.000000|1000.000000|3809.540039|2198.000000|500.000000|0.000000|0.000000|1500.000000|4500.000000|20000.000000|1623.540039|0.000000|5.449000|10.000000|2.000000|8.000000|4.000000|0.000000|0.000000|0.000000|0.000000|3976.000000|1988.000000|2.000000|1.000000|4.000000|2.000000|10986.290039|8800.290039
15:29:09|2186.000000|4000.000000|0.000000|1000.000000|1000.000000|3809.540039|2198.000000|500.000000|0.000000|0.000000|1500.000000|4500.000000|20000.000000|1623.540039|0.000000|5.449000|10.000000|2.000000|8.000000|4.000000|0.000000|0.000000|0.000000|0.000000|3976.000000|1988.000000|2.000000|1.000000|4.000000|2.000000|10986.290039|8800.290039
15:29:39|2186.000000|4000.000000|0.000000|1000.000000|1000.000000|3809.540039|2198.000000|500.000000|0.000000|0.000000|1500.000000|4500.000000|20000.000000|1623.540039|0.000000|5.449000|10.000000|2.000000|8.000000|4.000000|0.000000|0.000000|0.000000|0.000000|3976.000000|1988.000000|2.000000|1.000000|4.000000|2.000000|10986.290039|8800.290039
15:30:09|2186.000000|4000.000000|0.000000|1000.000000|1000.000000|3809.540039|2198.000000|500.000000|0.000000|0.000000|1500.000000|4500.000000|20000.000000|1623.540039|0.000000|5.449000|10.000000|2.000000|8.000000|4.000000|0.000000|0.000000|0.000000|0.000000|3976.000000|1988.000000|2.000000|1.000000|4.000000|2.000000|10986.290039|8800.290039
15:30:40|2186.000000|4000.000000|0.000000|1000.000000|1000.000000|3809.540039|2198.000000|500.000000|0.000000|0.000000|1500.000000|4500.000000|20000.000000|1623.540039|0.000000|5.449000|10.000000|2.000000|8.000000|4.000000|0.000000|0.000000|0.000000|0.000000|3976.000000|1988.000000|2.000000|1.000000|4.000000|2.000000|10986.290039|8800.290039
15:31:10|2186.000000|4000.000000|0.000000|1000.000000|1000.000000|3809.540039|2198.000000|500.000000|0.000000|0.000000|1500.000000|4500.000000|20000.000000|1623.540039|0.000000|5.449000|10.000000|2.000000|8.000000|4.000000|0.000000|0.000000|0.000000|0.000000|3976.000000|1988.000000|2.000000|1.000000|4.000000|2.000000|10986.290039|8800.290039
15:31:40|2186.000000|4000.000000|0.000000|1000.000000|1000.000000|3809.540039|2198.000000|500.000000|0.000000|0.000000|1500.000000|4500.000000|20000.000000|1623.540039|0.000000|5.449000|10.000000|2.000000|8.000000|4.000000|0.000000|0.000000|0.000000|0.000000|3976.000000|1988.000000|2.000000|1.000000|4.000000|2.000000|10986.290039|8800.290039
15:32:10|396.000000|4000.000000|0.000000|1000.000000|1000.000000|3821.540039|420.000000|500.000000|0.000000|0.000000|1500.000000|4500.000000|20000.000000|3425.540039|0.000000|5.449000|10.000000|2.000000|8.000000|4.000000|0.000000|0.000000|0.000000|0.000000|10998.290039|0.000000|1.000000|0.000000|4.000000|2.000000|10998.290039|10602.290039
15:32:40|988.000000|2000.000000|0.000000|1000.000000|1000.000000|2000.000000|210.000000|500.000000|0.000000|0.000000|1500.000000|4500.000000|20000.000000|1012.000000|778.000000|5.449000|10.000000|1.000000|9.000000|4.000000|1.000000|0.000000|0.000000|0.000000|9455.730469|0.000000|1.000000|0.000000|4.000000|1.000000|9455.730469|8467.730469
15:33:10|988.000000|2000.000000|0.000000|1000.000000|1000.000000|2000.000000|210.000000|500.000000|0.000000|0.000000|1500.000000|4500.000000|20000.000000|1012.000000|778.000000|5.449000|10.000000|1.000000|9.000000|4.000000|1.000000|0.000000|0.000000|0.000000|9455.730469|0.000000|1.000000|0.000000|4.000000|1.000000|9455.730469|8467.730469
15:33:40|988.000000|2000.000000|0.000000|1000.000000|1000.000000|2000.000000|210.000000|500.000000|0.000000|0.000000|1500.000000|4500.000000|20000.000000|1012.000000|778.000000|5.449000|10.000000|1.000000|9.000000|4.000000|1.000000|0.000000|0.000000|0.000000|9455.730469|0.000000|1.000000|0.000000|4.000000|1.000000|9455.730469|8467.730469
15:34:10|988.000000|2000.000000|0.000000|1000.000000|1000.000000|2000.000000|210.000000|500.000000|0.000000|0.000000|1500.000000|4500.000000|20000.000000|1012.000000|778.000000|5.449000|10.000000|1.000000|9.000000|4.000000|1.000000|0.000000|0.000000|0.000000|9455.730469|0.000000|1.000000|0.000000|4.000000|1.000000|9455.730469|8467.730469
15:34:40|988.000000|2000.000000|0.000000|1000.000000|1000.000000|2000.000000|210.000000|500.000000|0.000000|0.000000|1500.000000|4500.000000|20000.000000|1012.000000|778.000000|5.449000|10.000000|1.000000|9.000000|4.000000|1.000000|0.000000|0.000000|0.000000|9455.730469|0.000000|1.000000|0.000000|4.000000|1.000000|9455.730469|8467.730469
15:35:10|988.000000|2000.000000|0.000000|1000.000000|1000.000000|2000.000000|210.000000|500.000000|0.000000|0.000000|1500.000000|4500.000000|20000.000000|1012.000000|778.000000|5.449000|10.000000|1.000000|9.000000|4.000000|1.000000|0.000000|0.000000|0.000000|9455.730469|0.000000|1.000000|0.000000|4.000000|1.000000|9455.730469|8467.730469
15:35:40|988.000000|2000.000000|0.000000|1000.000000|1000.000000|2000.000000|210.000000|500.000000|0.000000|0.000000|1500.000000|4500.000000|20000.000000|1012.000000|778.000000|5.449000|10.000000|1.000000|9.000000|4.000000|1.000000|0.000000|0.000000|0.000000|9455.730469|0.000000|1.000000|0.000000|4.000000|1.000000|9455.730469|8467.730469
15:36:10|988.000000|2000.000000|0.000000|1000.000000|1000.000000|2000.000000|210.000000|500.000000|0.000000|0.000000|1500.000000|4500.000000|20000.000000|1012.000000|778.000000|5.449000|10.000000|1.000000|9.000000|4.000000|1.000000|0.000000|0.000000|0.000000|9455.730469|0.000000|1.000000|0.000000|4.000000|1.000000|9455.730469|8467.730469
15:36:40|988.000000|2000.000000|0.000000|1000.000000|1000.000000|2000.000000|210.000000|500.000000|0.000000|0.000000|1500.000000|4500.000000|20000.000000|1012.000000|778.000000|5.449000|10.000000|1.000000|9.000000|4.000000|1.000000|0.000000|0.000000|0.000000|9455.730469|0.000000|1.000000|0.000000|4.000000|1.000000|9455.730469|8467.730469
15:37:10|988.000000|2000.000000|0.000000|1000.000000|1000.000000|2000.000000|210.000000|500.000000|0.000000|0.000000|1500.000000|4500.000000|20000.000000|1012.000000|778.000000|5.449000|10.000000|1.000000|9.000000|4.000000|1.000000|0.000000|0.000000|0.000000|9455.730469|0.000000|1.000000|0.000000|4.000000|1.000000|9455.730469|8467.730469
15:37:40|988.000000|2000.000000|0.000000|1000.000000|1000.000000|2000.000000|210.000000|500.000000|0.000000|0.000000|1500.000000|4500.000000|20000.000000|1012.000000|778.000000|5.449000|10.000000|1.000000|9.000000|4.000000|1.000000|0.000000|0.000000|0.000000|9455.730469|0.000000|1.000000|0.000000|4.000000|1.000000|9455.730469|8467.730469
15:38:10|988.000000|2000.000000|0.000000|1000.000000|1000.000000|2000.000000|210.000000|500.000000|0.000000|0.000000|1500.000000|4500.000000|20000.000000|1012.000000|778.000000|5.449000|10.000000|1.000000|9.000000|4.000000|1.000000|0.000000|0.000000|0.000000|9455.730469|0.000000|1.000000|0.000000|4.000000|1.000000|9455.730469|8467.730469
15:38:40|988.000000|2000.000000|0.000000|1000.000000|1000.000000|2000.000000|210.000000|500.000000|0.000000|0.000000|1500.000000|4500.000000|20000.000000|1012.000000|778.000000|5.449000|10.000000|1.000000|9.000000|4.000000|1.000000|0.000000|0.000000|0.000000|9455.730469|0.000000|1.000000|0.000000|4.000000|1.000000|9455.730469|8467.730469
15:39:10|1186.000000|4000.000000|0.000000|1000.000000|1000.000000|3821.540039|420.000000|500.000000|0.000000|0.000000|1500.000000|4500.000000|20000.000000|2635.540039|766.000000|5.449000|10.000000|2.000000|8.000000|4.000000|1.000000|0.000000|0.000000|0.000000|9455.730469|0.000000|1.000000|0.000000|3.000000|2.000000|9455.730469|8269.730469
15:39:41|1186.000000|4000.000000|0.000000|1000.000000|1000.000000|3821.540039|420.000000|500.000000|0.000000|0.000000|1500.000000|4500.000000|20000.000000|2635.540039|766.000000|5.449000|10.000000|2.000000|8.000000|4.000000|1.000000|0.000000|0.000000|0.000000|9455.730469|0.000000|1.000000|0.000000|3.000000|2.000000|9455.730469|8269.730469
15:40:11|2186.000000|4000.000000|0.000000|1000.000000|1000.000000|3809.540039|420.000000|500.000000|0.000000|0.000000|1500.000000|4500.000000|20000.000000|1623.540039|1766.000000|5.449000|10.000000|2.000000|8.000000|4.000000|1.000000|0.000000|0.000000|0.000000|9443.730469|0.000000|1.000000|0.000000|3.000000|2.000000|9443.730469|7257.730469
15:40:41|2186.000000|4000.000000|0.000000|1000.000000|1000.000000|3809.540039|420.000000|500.000000|0.000000|0.000000|1500.000000|4500.000000|20000.000000|1623.540039|1766.000000|5.449000|10.000000|2.000000|8.000000|4.000000|1.000000|0.000000|0.000000|0.000000|9443.730469|0.000000|1.000000|0.000000|3.000000|2.000000|9443.730469|7257.730469
15:41:11|2186.000000|4000.000000|0.000000|1000.000000|1000.000000|3809.540039|420.000000|500.000000|0.000000|0.000000|1500.000000|4500.000000|20000.000000|1623.540039|1766.000000|5.449000|10.000000|2.000000|8.000000|4.000000|1.000000|0.000000|0.000000|0.000000|9443.730469|0.000000|1.000000|0.000000|3.000000|2.000000|9443.730469|7257.730469
15:41:41|2186.000000|4000.000000|0.000000|1000.000000|1000.000000|3809.540039|420.000000|500.000000|0.000000|0.000000|1500.000000|4500.000000|20000.000000|1623.540039|1766.000000|5.449000|10.000000|2.000000|8.000000|4.000000|1.000000|0.000000|0.000000|0.000000|9443.730469|0.000000|1.000000|0.000000|3.000000|2.000000|9443.730469|7257.730469
15:42:11|2186.000000|4000.000000|0.000000|1000.000000|1000.000000|3809.540039|420.000000|500.000000|0.000000|0.000000|1500.000000|4500.000000|20000.000000|1623.540039|1766.000000|5.449000|10.000000|2.000000|8.000000|4.000000|1.000000|0.000000|0.000000|0.000000|9443.730469|0.000000|1.000000|0.000000|3.000000|2.000000|9443.730469|7257.730469
15:42:41|2186.000000|4000.000000|0.000000|1000.000000|1000.000000|3809.540039|420.000000|500.000000|0.000000|0.000000|1500.000000|4500.000000|20000.000000|1623.540039|1766.000000|5.449000|10.000000|2.000000|8.000000|4.000000|1.000000|0.000000|0.000000|0.000000|9443.730469|0.000000|1.000000|0.000000|3.000000|2.000000|9443.730469|7257.730469
15:43:11|2186.000000|4000.000000|0.000000|10000.000000|10000.000000|3809.540039|420.000000|500.000000|0.000000|0.000000|1500.000000|4500.000000|20000.000000|1623.540039|1766.000000|5.449000|10.000000|2.000000|8.000000|4.000000|1.000000|0.000000|0.000000|0.000000|9443.730469|0.000000|1.000000|0.000000|3.000000|2.000000|9443.730469|7257.730469
15:43:41|3976.000000|4000.000000|0.000000|10000.000000|10000.000000|3976.000000|420.000000|500.000000|0.000000|0.000000|1500.000000|4500.000000|20000.000000|0.000000|3556.000000|5.449000|10.000000|2.000000|8.000000|4.000000|1.000000|0.000000|0.000000|0.000000|9610.190430|0.000000|1.000000|0.000000|3.000000|2.000000|9610.190430|5634.190430
15:44:11|3976.000000|4000.000000|0.000000|10000.000000|10000.000000|3976.000000|420.000000|500.000000|0.000000|0.000000|1500.000000|4500.000000|20000.000000|0.000000|3556.000000|5.449000|10.000000|2.000000|8.000000|4.000000|1.000000|0.000000|0.000000|0.000000|9610.190430|0.000000|1.000000|0.000000|3.000000|2.000000|9610.190430|5634.190430
15:44:42|3976.000000|4000.000000|0.000000|10000.000000|10000.000000|3976.000000|420.000000|500.000000|0.000000|0.000000|1500.000000|4500.000000|20000.000000|0.000000|3556.000000|5.449000|10.000000|2.000000|8.000000|4.000000|1.000000|0.000000|0.000000|0.000000|9610.190430|0.000000|1.000000|0.000000|3.000000|2.000000|9610.190430|5634.190430
15:45:12|3976.000000|4000.000000|0.000000|10000.000000|10000.000000|3976.000000|420.000000|500.000000|0.000000|0.000000|1500.000000|4500.000000|20000.000000|0.000000|3556.000000|5.449000|10.000000|2.000000|8.000000|4.000000|4.000000|0.000000|0.000000|0.000000|3976.000000|0.000000|1.000000|0.000000|0.000000|2.000000|3976.000000|0.000000
15:45:42|5964.000000|6000.000000|0.000000|10000.000000|10000.000000|5964.000000|630.000000|500.000000|0.000000|0.000000|1500.000000|4500.000000|20000.000000|0.000000|5334.000000|5.449000|10.000000|3.000000|7.000000|4.000000|3.000000|0.000000|0.000000|0.000000|5964.000000|0.000000|1.000000|0.000000|0.000000|3.000000|5964.000000|0.000000
15:46:12|9940.000000|10000.000000|0.000000|10000.000000|10000.000000|9940.000000|1050.000000|500.000000|0.000000|0.000000|1500.000000|4500.000000|20000.000000|0.000000|8890.000000|5.449000|10.000000|5.000000|5.000000|4.000000|1.000000|0.000000|0.000000|0.000000|9940.000000|0.000000|1.000000|0.000000|0.000000|5.000000|9940.000000|0.000000
15:46:42|9940.000000|10000.000000|0.000000|10000.000000|10000.000000|9940.000000|1050.000000|500.000000|0.000000|0.000000|1500.000000|4500.000000|20000.000000|0.000000|8890.000000|5.449000|10.000000|5.000000|5.000000|4.000000|1.000000|0.000000|0.000000|0.000000|9940.000000|0.000000|1.000000|0.000000|0.000000|5.000000|9940.000000|0.000000
15:47:12|9940.000000|10000.000000|0.000000|1000.000000|1000.000000|9940.000000|1050.000000|500.000000|0.000000|0.000000|1500.000000|4500.000000|20000.000000|0.000000|8890.000000|5.449000|10.000000|5.000000|5.000000|4.000000|1.000000|0.000000|0.000000|0.000000|9940.000000|0.000000|1.000000|0.000000|0.000000|5.000000|9940.000000|0.000000
15:47:42|9940.000000|10000.000000|0.000000|1000.000000|1000.000000|9940.000000|1050.000000|500.000000|0.000000|0.000000|1500.000000|4500.000000|20000.000000|0.000000|8890.000000|5.449000|10.000000|5.000000|5.000000|4.000000|1.000000|0.000000|0.000000|0.000000|9940.000000|0.000000|1.000000|0.000000|0.000000|5.000000|9940.000000|0.000000
15:49:01|9940.000000|10000.000000|0.000000|1000.000000|1000.000000|9940.000000|1050.000000|500.000000|0.000000|0.000000|1500.000000|4500.000000|20000.000000|0.000000|8890.000000|5.449000|10.000000|5.000000|5.000000|4.000000|1.000000|0.000000|0.000000|0.000000|9940.000000|0.000000|1.000000|0.000000|0.000000|5.000000|9940.000000|0.000000
15:49:31|9940.000000|10000.000000|0.000000|1000.000000|1000.000000|9940.000000|1050.000000|500.000000|0.000000|0.000000|1500.000000|4500.000000|20000.000000|0.000000|8890.000000|5.449000|10.000000|5.000000|5.000000|4.000000|1.000000|0.000000|0.000000|0.000000|9940.000000|0.000000|1.000000|0.000000|0.000000|5.000000|9940.000000|0.000000
15:50:11|2780.000000|10000.000000|0.000000|1000.000000|1000.000000|9443.730469|1050.000000|500.000000|0.000000|0.000000|1500.000000|4500.000000|20000.000000|6663.730469|1730.000000|5.449000|10.000000|5.000000|5.000000|4.000000|1.000000|0.000000|0.000000|0.000000|9443.730469|0.000000|1.000000|0.000000|0.000000|5.000000|9443.730469|6663.730469
15:50:41|2780.000000|10000.000000|0.000000|1000.000000|1000.000000|9443.730469|1050.000000|500.000000|0.000000|0.000000|1500.000000|4500.000000|20000.000000|6663.730469|1730.000000|5.449000|10.000000|5.000000|5.000000|4.000000|1.000000|0.000000|0.000000|0.000000|9443.730469|0.000000|1.000000|0.000000|0.000000|5.000000|9443.730469|6663.730469
15:51:11|912.000000|8000.000000|0.000000|1000.000000|1000.000000|7455.730469|840.000000|500.000000|0.000000|0.000000|1500.000000|4500.000000|20000.000000|6543.730469|72.000000|5.449000|10.000000|4.000000|6.000000|4.000000|1.000000|0.000000|0.000000|0.000000|9455.730469|0.000000|1.000000|0.000000|1.000000|4.000000|9455.730469|8543.730469
15:51:41|912.000000|8000.000000|0.000000|1000.000000|1000.000000|7455.730469|840.000000|500.000000|0.000000|0.000000|1500.000000|4500.000000|20000.000000|6543.730469|72.000000|5.449000|10.000000|4.000000|6.000000|4.000000|1.000000|0.000000|0.000000|0.000000|9455.730469|0.000000|1.000000|0.000000|1.000000|4.000000|9455.730469|8543.730469
15:52:11|714.000000|6000.000000|0.000000|1000.000000|1000.000000|5455.729980|630.000000|500.000000|0.000000|0.000000|1500.000000|4500.000000|20000.000000|4741.729980|84.000000|5.449000|10.000000|3.000000|7.000000|4.000000|1.000000|0.000000|0.000000|0.000000|9455.730469|0.000000|1.000000|0.000000|2.000000|3.000000|9455.730469|8741.730469
15:52:41|714.000000|6000.000000|0.000000|1000.000000|1000.000000|5455.729980|630.000000|500.000000|0.000000|0.000000|1500.000000|4500.000000|20000.000000|4741.729980|84.000000|5.449000|10.000000|3.000000|7.000000|4.000000|1.000000|0.000000|0.000000|0.000000|9455.730469|0.000000|1.000000|0.000000|2.000000|3.000000|9455.730469|8741.730469
15:53:11|714.000000|6000.000000|0.000000|1000.000000|1000.000000|5455.729980|630.000000|500.000000|0.000000|0.000000|1500.000000|4500.000000|20000.000000|4741.729980|84.000000|5.449000|10.000000|3.000000|7.000000|4.000000|1.000000|0.000000|0.000000|0.000000|9455.730469|0.000000|1.000000|0.000000|2.000000|3.000000|9455.730469|8741.730469
15:53:41|1988.000122|6000.000000|0.000000|2000.000000|2000.000000|5455.729980|630.000000|500.000000|0.000000|0.000000|1500.000000|4500.000000|20000.000000|3467.729980|1358.000122|5.449000|10.000000|3.000000|7.000000|4.000000|1.000000|0.000000|0.000000|0.000000|9455.730469|0.000000|1.000000|0.000000|2.000000|3.000000|9455.730469|7467.730469
15:54:11|1988.000122|6000.000000|0.000000|3000.000000|2000.000000|5455.729980|630.000000|500.000000|0.000000|0.000000|1500.000000|4500.000000|20000.000000|3467.729980|1358.000122|5.449000|10.000000|3.000000|7.000000|4.000000|1.000000|0.000000|0.000000|0.000000|9455.730469|0.000000|1.000000|0.000000|2.000000|3.000000|9455.730469|7467.730469
15:54:41|2988.000000|6000.000000|0.000000|3000.000000|3000.000000|5455.729980|630.000000|500.000000|0.000000|0.000000|1500.000000|4500.000000|20000.000000|2467.729980|2358.000000|5.449000|10.000000|3.000000|7.000000|4.000000|1.000000|0.000000|0.000000|0.000000|9455.730469|0.000000|1.000000|0.000000|2.000000|3.000000|9455.730469|6467.730469
15:55:11|2988.000000|6000.000000|0.000000|6000.000000|6000.000000|5455.729980|630.000000|500.000000|0.000000|0.000000|1500.000000|4500.000000|20000.000000|2467.729980|2358.000000|5.449000|10.000000|3.000000|7.000000|4.000000|1.000000|0.000000|0.000000|0.000000|9455.730469|0.000000|1.000000|0.000000|2.000000|3.000000|9455.730469|6467.730469
15:55:41|6186.000000|10000.000000|0.000000|6000.000000|6000.000000|9443.730469|1050.000000|500.000000|0.000000|0.000000|1500.000000|4500.000000|20000.000000|3257.730469|5136.000000|5.449000|10.000000|5.000000|5.000000|4.000000|1.000000|0.000000|0.000000|0.000000|9443.730469|0.000000|1.000000|0.000000|0.000000|5.000000|9443.730469|3257.730469
15:56:11|5988.000000|10000.000000|0.000000|6000.000000|6000.000000|9455.730469|1050.000000|500.000000|0.000000|0.000000|1500.000000|4500.000000|20000.000000|3467.730469|4938.000000|5.449000|10.000000|5.000000|5.000000|4.000000|1.000000|0.000000|0.000000|0.000000|9455.730469|0.000000|1.000000|0.000000|0.000000|5.000000|9455.730469|3467.730469
15:56:41|5988.000000|10000.000000|0.000000|8000.000000|6000.000000|9455.730469|1050.000000|500.000000|0.000000|0.000000|1500.000000|4500.000000|20000.000000|3467.730469|4938.000000|5.449000|10.000000|5.000000|5.000000|4.000000|1.000000|0.000000|0.000000|0.000000|9455.730469|0.000000|1.000000|0.000000|0.000000|5.000000|9455.730469|3467.730469
15:57:11|7976.000488|10000.000000|0.000000|8000.000000|8000.000000|9455.730469|1050.000000|500.000000|0.000000|0.000000|1500.000000|4500.000000|20000.000000|1479.729980|6926.000488|5.449000|10.000000|5.000000|5.000000|4.000000|1.000000|0.000000|0.000000|0.000000|9455.730469|0.000000|1.000000|0.000000|0.000000|5.000000|9455.730469|1479.729980
15:57:41|7976.000488|10000.000000|0.000000|8000.000000|8000.000000|9455.730469|1050.000000|500.000000|0.000000|0.000000|1500.000000|4500.000000|20000.000000|1479.729980|6926.000488|5.449000|10.000000|5.000000|5.000000|4.000000|1.000000|0.000000|0.000000|0.000000|9455.730469|0.000000|1.000000|0.000000|0.000000|5.000000|9455.730469|1479.729980
15:58:11|7976.000488|10000.000000|0.000000|8000.000000|8000.000000|9455.730469|1050.000000|500.000000|0.000000|0.000000|1500.000000|4500.000000|20000.000000|1479.729980|6926.000488|5.449000|10.000000|5.000000|5.000000|4.000000|1.000000|0.000000|0.000000|0.000000|9455.730469|0.000000|1.000000|0.000000|0.000000|5.000000|9455.730469|1479.729980
15:58:41|8174.000488|12000.000000|0.000000|8000.000000|8000.000000|10998.290039|1260.000000|500.000000|0.000000|0.000000|1500.000000|4500.000000|20000.000000|2824.289551|6914.000488|5.449000|10.000000|6.000000|4.000000|4.000000|0.000000|0.000000|0.000000|0.000000|10998.290039|0.000000|1.000000|0.000000|0.000000|6.000000|10998.290039|2824.289551
15:59:11|7987.999512|12000.000000|0.000000|8000.000000|8000.000000|10998.290039|1260.000000|500.000000|0.000000|0.000000|1500.000000|4500.000000|20000.000000|3010.290527|6727.999512|5.449000|10.000000|6.000000|4.000000|4.000000|0.000000|0.000000|0.000000|0.000000|10998.290039|0.000000|1.000000|0.000000|0.000000|6.000000|10998.290039|3010.290527
15:59:41|7987.999512|12000.000000|0.000000|8000.000000|8000.000000|10998.290039|1260.000000|500.000000|0.000000|0.000000|1500.000000|4500.000000|20000.000000|3010.290527|6727.999512|5.449000|10.000000|6.000000|4.000000|4.000000|0.000000|0.000000|0.000000|0.000000|10998.290039|0.000000|1.000000|0.000000|0.000000|6.000000|10998.290039|3010.290527
16:00:11|7987.999512|12000.000000|0.000000|8000.000000|8000.000000|10998.290039|1260.000000|500.000000|0.000000|0.000000|1500.000000|4500.000000|20000.000000|3010.290527|6727.999512|5.449000|10.000000|6.000000|4.000000|4.000000|0.000000|0.000000|0.000000|0.000000|10998.290039|0.000000|1.000000|0.000000|0.000000|6.000000|10998.290039|3010.290527
16:00:41|7987.999512|12000.000000|0.000000|8000.000000|8000.000000|10998.290039|1260.000000|500.000000|0.000000|0.000000|1500.000000|4500.000000|20000.000000|3010.290527|6727.999512|5.449000|10.000000|6.000000|4.000000|4.000000|0.000000|0.000000|0.000000|0.000000|10998.290039|0.000000|1.000000|0.000000|0.000000|6.000000|10998.290039|3010.290527
16:01:11|7987.999512|12000.000000|0.000000|8000.000000|8000.000000|10998.290039|1260.000000|500.000000|0.000000|0.000000|1500.000000|4500.000000|20000.000000|3010.290527|6727.999512|5.449000|10.000000|6.000000|4.000000|4.000000|0.000000|0.000000|0.000000|0.000000|10998.290039|0.000000|1.000000|0.000000|0.000000|6.000000|10998.290039|3010.290527
16:01:41|7987.999512|12000.000000|0.000000|8000.000000|8000.000000|10998.290039|1260.000000|500.000000|0.000000|0.000000|1500.000000|4500.000000|20000.000000|3010.290527|6727.999512|5.449000|10.000000|6.000000|4.000000|4.000000|0.000000|0.000000|0.000000|0.000000|10998.290039|0.000000|1.000000|0.000000|0.000000|6.000000|10998.290039|3010.290527
16:02:11|7987.999512|12000.000000|0.000000|8000.000000|8000.000000|10998.290039|1260.000000|500.000000|0.000000|0.000000|1500.000000|4500.000000|20000.000000|3010.290527|6727.999512|5.449000|10.000000|6.000000|4.000000|4.000000|0.000000|0.000000|0.000000|0.000000|10998.290039|0.000000|1.000000|0.000000|0.000000|6.000000|10998.290039|3010.290527
16:02:41|7987.999512|12000.000000|0.000000|8000.000000|8000.000000|10998.290039|1260.000000|500.000000|0.000000|0.000000|1500.000000|4500.000000|20000.000000|3010.290527|6727.999512|5.449000|10.000000|6.000000|4.000000|4.000000|0.000000|0.000000|0.000000|0.000000|10998.290039|0.000000|1.000000|0.000000|0.000000|6.000000|10998.290039|3010.290527
16:03:11|7987.999512|12000.000000|0.000000|8000.000000|8000.000000|10998.290039|1260.000000|500.000000|0.000000|0.000000|1500.000000|4500.000000|20000.000000|3010.290527|6727.999512|5.449000|10.000000|6.000000|4.000000|4.000000|0.000000|0.000000|0.000000|0.000000|10998.290039|0.000000|1.000000|0.000000|0.000000|6.000000|10998.290039|3010.290527
16:03:41|7987.999512|12000.000000|0.000000|8000.000000|8000.000000|10998.290039|1260.000000|500.000000|0.000000|0.000000|1500.000000|4500.000000|20000.000000|3010.290527|6727.999512|5.449000|10.000000|6.000000|4.000000|4.000000|0.000000|0.000000|0.000000|0.000000|10998.290039|0.000000|1.000000|0.000000|0.000000|6.000000|10998.290039|3010.290527
16:04:11|7987.999512|12000.000000|0.000000|8000.000000|8000.000000|10998.290039|1260.000000|500.000000|0.000000|0.000000|1500.000000|4500.000000|20000.000000|3010.290527|6727.999512|5.449000|10.000000|6.000000|4.000000|4.000000|0.000000|0.000000|0.000000|0.000000|10998.290039|0.000000|1.000000|0.000000|0.000000|6.000000|10998.290039|3010.290527
16:04:41|7987.999512|12000.000000|0.000000|8000.000000|8000.000000|10998.290039|1260.000000|500.000000|0.000000|0.000000|1500.000000|4500.000000|20000.000000|3010.290527|6727.999512|5.449000|10.000000|6.000000|4.000000|4.000000|0.000000|0.000000|0.000000|0.000000|10998.290039|0.000000|1.000000|0.000000|0.000000|6.000000|10998.290039|3010.290527
16:05:11|7987.999512|12000.000000|0.000000|8000.000000|8000.000000|10998.290039|1260.000000|500.000000|0.000000|0.000000|1500.000000|4500.000000|20000.000000|3010.290527|6727.999512|5.449000|10.000000|6.000000|4.000000|4.000000|0.000000|0.000000|0.000000|0.000000|10998.290039|0.000000|1.000000|0.000000|0.000000|6.000000|10998.290039|3010.290527
16:05:42|7987.999512|12000.000000|0.000000|8000.000000|8000.000000|10998.290039|1260.000000|500.000000|0.000000|0.000000|1500.000000|4500.000000|20000.000000|3010.290527|6727.999512|5.449000|10.000000|6.000000|4.000000|4.000000|0.000000|0.000000|0.000000|0.000000|10998.290039|0.000000|1.000000|0.000000|0.000000|6.000000|10998.290039|3010.290527
16:06:12|7987.999512|12000.000000|0.000000|8000.000000|8000.000000|10998.290039|1260.000000|500.000000|0.000000|0.000000|1500.000000|4500.000000|20000.000000|3010.290527|6727.999512|5.449000|10.000000|6.000000|4.000000|4.000000|0.000000|0.000000|0.000000|0.000000|10998.290039|0.000000|1.000000|0.000000|0.000000|6.000000|10998.290039|3010.290527
16:06:42|7987.999512|12000.000000|0.000000|8000.000000|8000.000000|10998.290039|1260.000000|500.000000|0.000000|0.000000|1500.000000|4500.000000|20000.000000|3010.290527|6727.999512|5.449000|10.000000|6.000000|4.000000|4.000000|0.000000|0.000000|0.000000|0.000000|10998.290039|0.000000|1.000000|0.000000|0.000000|6.000000|10998.290039|3010.290527
16:07:12|7987.999512|12000.000000|0.000000|8000.000000|8000.000000|10998.290039|1260.000000|500.000000|0.000000|0.000000|1500.000000|4500.000000|20000.000000|3010.290527|6727.999512|5.449000|10.000000|6.000000|4.000000|4.000000|0.000000|0.000000|0.000000|0.000000|10998.290039|0.000000|1.000000|0.000000|0.000000|6.000000|10998.290039|3010.290527
16:07:42|7987.999512|12000.000000|0.000000|8000.000000|8000.000000|10998.290039|1260.000000|500.000000|0.000000|0.000000|1500.000000|4500.000000|20000.000000|3010.290527|6727.999512|5.449000|10.000000|6.000000|4.000000|4.000000|0.000000|0.000000|0.000000|0.000000|10998.290039|0.000000|1.000000|0.000000|0.000000|6.000000|10998.290039|3010.290527
16:08:12|7987.999512|12000.000000|0.000000|8000.000000|8000.000000|10998.290039|1260.000000|500.000000|0.000000|0.000000|1500.000000|4500.000000|20000.000000|3010.290527|6727.999512|5.449000|10.000000|6.000000|4.000000|4.000000|0.000000|0.000000|0.000000|0.000000|10998.290039|0.000000|1.000000|0.000000|0.000000|6.000000|10998.290039|3010.290527
16:08:42|7987.999512|12000.000000|0.000000|8000.000000|8000.000000|10998.290039|1260.000000|500.000000|0.000000|0.000000|1500.000000|4500.000000|20000.000000|3010.290527|6727.999512|5.449000|10.000000|6.000000|4.000000|4.000000|0.000000|0.000000|0.000000|0.000000|10998.290039|0.000000|1.000000|0.000000|0.000000|6.000000|10998.290039|3010.290527
16:09:12|7987.999512|12000.000000|0.000000|8000.000000|8000.000000|10998.290039|1260.000000|500.000000|0.000000|0.000000|1500.000000|4500.000000|20000.000000|3010.290527|6727.999512|5.449000|10.000000|6.000000|4.000000|4.000000|0.000000|0.000000|0.000000|0.000000|10998.290039|0.000000|1.000000|0.000000|0.000000|6.000000|10998.290039|3010.290527
16:09:42|7987.999512|12000.000000|0.000000|8000.000000|8000.000000|10998.290039|1260.000000|500.000000|0.000000|0.000000|1500.000000|4500.000000|20000.000000|3010.290527|6727.999512|5.449000|10.000000|6.000000|4.000000|4.000000|0.000000|0.000000|0.000000|0.000000|10998.290039|0.000000|1.000000|0.000000|0.000000|6.000000|10998.290039|3010.290527
16:10:12|7987.999512|12000.000000|0.000000|8000.000000|8000.000000|10998.290039|1260.000000|500.000000|0.000000|0.000000|1500.000000|4500.000000|20000.000000|3010.290527|6727.999512|5.449000|10.000000|6.000000|4.000000|4.000000|0.000000|0.000000|0.000000|0.000000|10998.290039|0.000000|1.000000|0.000000|0.000000|6.000000|10998.290039|3010.290527
16:10:42|7987.999512|12000.000000|0.000000|8000.000000|8000.000000|10998.290039|1260.000000|500.000000|0.000000|0.000000|1500.000000|4500.000000|20000.000000|3010.290527|6727.999512|5.449000|10.000000|6.000000|4.000000|4.000000|0.000000|0.000000|0.000000|0.000000|10998.290039|0.000000|1.000000|0.000000|0.000000|6.000000|10998.290039|3010.290527
16:11:12|7987.999512|12000.000000|0.000000|8000.000000|8000.000000|10998.290039|1260.000000|500.000000|0.000000|0.000000|1500.000000|4500.000000|20000.000000|3010.290527|6727.999512|5.449000|10.000000|6.000000|4.000000|4.000000|0.000000|0.000000|0.000000|0.000000|10998.290039|0.000000|1.000000|0.000000|0.000000|6.000000|10998.290039|3010.290527
16:11:42|7987.999512|12000.000000|0.000000|8000.000000|8000.000000|10998.290039|1260.000000|500.000000|0.000000|0.000000|1500.000000|4500.000000|20000.000000|3010.290527|6727.999512|5.449000|10.000000|6.000000|4.000000|4.000000|0.000000|0.000000|0.000000|0.000000|10998.290039|0.000000|1.000000|0.000000|0.000000|6.000000|10998.290039|3010.290527
16:12:12|7987.999512|12000.000000|0.000000|8000.000000|8000.000000|10998.290039|1260.000000|500.000000|0.000000|0.000000|1500.000000|4500.000000|20000.000000|3010.290527|6727.999512|5.449000|10.000000|6.000000|4.000000|4.000000|0.000000|0.000000|0.000000|0.000000|10998.290039|0.000000|1.000000|0.000000|0.000000|6.000000|10998.290039|3010.290527
16:12:43|7987.999512|12000.000000|0.000000|8000.000000|8000.000000|10998.290039|1260.000000|500.000000|0.000000|0.000000|1500.000000|4500.000000|20000.000000|3010.290527|6727.999512|5.449000|10.000000|6.000000|4.000000|4.000000|0.000000|0.000000|0.000000|0.000000|10998.290039|0.000000|1.000000|0.000000|0.000000|6.000000|10998.290039|3010.290527
16:13:13|7987.999512|12000.000000|0.000000|8000.000000|8000.000000|10998.290039|1260.000000|500.000000|0.000000|0.000000|1500.000000|4500.000000|20000.000000|3010.290527|6727.999512|5.449000|10.000000|6.000000|4.000000|4.000000|0.000000|0.000000|0.000000|0.000000|10998.290039|0.000000|1.000000|0.000000|0.000000|6.000000|10998.290039|3010.290527
16:13:43|7987.999512|12000.000000|0.000000|8000.000000|8000.000000|10998.290039|1260.000000|500.000000|0.000000|0.000000|1500.000000|4500.000000|20000.000000|3010.290527|6727.999512|5.449000|10.000000|6.000000|4.000000|4.000000|0.000000|0.000000|0.000000|0.000000|10998.290039|0.000000|1.000000|0.000000|0.000000|6.000000|10998.290039|3010.290527
16:14:13|7987.999512|12000.000000|0.000000|8000.000000|8000.000000|10998.290039|1260.000000|500.000000|0.000000|0.000000|1500.000000|4500.000000|20000.000000|3010.290527|6727.999512|5.449000|10.000000|6.000000|4.000000|4.000000|0.000000|0.000000|0.000000|0.000000|10998.290039|0.000000|1.000000|0.000000|0.000000|6.000000|10998.290039|3010.290527
16:14:43|7987.999512|12000.000000|0.000000|8000.000000|8000.000000|10998.290039|1260.000000|500.000000|0.000000|0.000000|1500.000000|4500.000000|20000.000000|3010.290527|6727.999512|5.449000|10.000000|6.000000|4.000000|4.000000|0.000000|0.000000|0.000000|0.000000|10998.290039|0.000000|1.000000|0.000000|0.000000|6.000000|10998.290039|3010.290527
16:15:13|7987.999512|12000.000000|0.000000|8000.000000|8000.000000|10998.290039|1260.000000|500.000000|0.000000|0.000000|1500.000000|4500.000000|20000.000000|3010.290527|6727.999512|5.449000|10.000000|6.000000|4.000000|4.000000|0.000000|0.000000|0.000000|0.000000|10998.290039|0.000000|1.000000|0.000000|0.000000|6.000000|10998.290039|3010.290527
16:15:44|7987.999512|12000.000000|0.000000|8000.000000|8000.000000|10998.290039|1260.000000|500.000000|0.000000|0.000000|1500.000000|4500.000000|20000.000000|3010.290527|6727.999512|5.449000|10.000000|6.000000|4.000000|4.000000|0.000000|0.000000|0.000000|0.000000|10998.290039|0.000000|1.000000|0.000000|0.000000|6.000000|10998.290039|3010.290527
16:16:14|7987.999512|12000.000000|0.000000|8000.000000|8000.000000|10998.290039|1260.000000|500.000000|0.000000|0.000000|1500.000000|4500.000000|20000.000000|3010.290527|6727.999512|5.449000|10.000000|6.000000|4.000000|4.000000|0.000000|0.000000|0.000000|0.000000|10998.290039|0.000000|1.000000|0.000000|0.000000|6.000000|10998.290039|3010.290527
16:16:44|7987.999512|12000.000000|0.000000|8000.000000|8000.000000|10998.290039|1260.000000|500.000000|0.000000|0.000000|1500.000000|4500.000000|20000.000000|3010.290527|6727.999512|5.449000|10.000000|6.000000|4.000000|4.000000|0.000000|0.000000|0.000000|0.000000|10998.290039|0.000000|1.000000|0.000000|0.000000|6.000000|10998.290039|3010.290527
16:17:14|7987.999512|12000.000000|0.000000|8000.000000|8000.000000|10998.290039|1260.000000|500.000000|0.000000|0.000000|1500.000000|4500.000000|20000.000000|3010.290527|6727.999512|5.449000|10.000000|6.000000|4.000000|4.000000|0.000000|0.000000|0.000000|0.000000|10998.290039|0.000000|1.000000|0.000000|0.000000|6.000000|10998.290039|3010.290527
16:17:44|7987.999512|12000.000000|0.000000|8000.000000|8000.000000|10998.290039|1260.000000|500.000000|0.000000|0.000000|1500.000000|4500.000000|20000.000000|3010.290527|6727.999512|5.449000|10.000000|6.000000|4.000000|4.000000|0.000000|0.000000|0.000000|0.000000|10998.290039|0.000000|1.000000|0.000000|0.000000|6.000000|10998.290039|3010.290527
16:18:14|7987.999512|12000.000000|0.000000|8000.000000|8000.000000|10998.290039|1260.000000|500.000000|0.000000|0.000000|1500.000000|4500.000000|20000.000000|3010.290527|6727.999512|5.449000|10.000000|6.000000|4.000000|4.000000|0.000000|0.000000|0.000000|0.000000|10998.290039|0.000000|1.000000|0.000000|0.000000|6.000000|10998.290039|3010.290527
16:18:44|7987.999512|12000.000000|0.000000|8000.000000|8000.000000|10998.290039|1260.000000|500.000000|0.000000|0.000000|1500.000000|4500.000000|20000.000000|3010.290527|6727.999512|5.449000|10.000000|6.000000|4.000000|4.000000|0.000000|0.000000|0.000000|0.000000|10998.290039|0.000000|1.000000|0.000000|0.000000|6.000000|10998.290039|3010.290527
16:19:14|7789.999512|10000.000000|0.000000|8000.000000|8000.000000|9455.730469|1050.000000|500.000000|0.000000|0.000000|1500.000000|4500.000000|20000.000000|1665.730957|6739.999512|5.449000|10.000000|5.000000|5.000000|4.000000|0.000000|0.000000|0.000000|0.000000|10998.290039|0.000000|1.000000|0.000000|1.000000|5.000000|10998.290039|3208.290527
16:19:44|7789.999512|10000.000000|0.000000|8000.000000|8000.000000|9455.730469|1050.000000|500.000000|0.000000|0.000000|1500.000000|4500.000000|20000.000000|1665.730957|6739.999512|5.449000|10.000000|5.000000|5.000000|4.000000|0.000000|0.000000|0.000000|0.000000|10998.290039|0.000000|1.000000|0.000000|1.000000|5.000000|10998.290039|3208.290527
16:20:15|7789.999512|10000.000000|0.000000|8000.000000|8000.000000|9455.730469|1050.000000|500.000000|0.000000|0.000000|1500.000000|4500.000000|20000.000000|1665.730957|6739.999512|5.449000|10.000000|5.000000|5.000000|4.000000|0.000000|0.000000|0.000000|0.000000|10998.290039|0.000000|1.000000|0.000000|1.000000|5.000000|10998.290039|3208.290527
16:20:45|7789.999512|10000.000000|0.000000|0.000000|8000.000000|9455.730469|1050.000000|500.000000|0.000000|0.000000|1500.000000|4500.000000|20000.000000|1665.730957|6739.999512|5.449000|10.000000|5.000000|5.000000|4.000000|0.000000|0.000000|0.000000|0.000000|10998.290039|0.000000|1.000000|0.000000|1.000000|5.000000|10998.290039|3208.290527
16:21:15|7789.999512|10000.000000|0.000000|0.000000|0.000000|9455.730469|1050.000000|500.000000|0.000000|0.000000|1500.000000|4500.000000|20000.000000|1665.730957|6739.999512|5.449000|10.000000|5.000000|5.000000|4.000000|0.000000|0.000000|0.000000|0.000000|10998.290039|0.000000|1.000000|0.000000|1.000000|5.000000|10998.290039|3208.290527
16:21:45|792.000000|8000.000000|0.000000|0.000000|0.000000|7634.190430|840.000000|500.000000|0.000000|0.000000|1500.000000|4500.000000|20000.000000|6842.190430|0.000000|5.449000|10.000000|4.000000|6.000000|4.000000|0.000000|0.000000|0.000000|0.000000|10998.290039|0.000000|1.000000|0.000000|2.000000|4.000000|10998.290039|10206.290039
16:22:15|594.000000|6000.000000|0.000000|0.000000|0.000000|5634.190430|630.000000|500.000000|0.000000|0.000000|1500.000000|4500.000000|20000.000000|5040.190430|0.000000|5.449000|10.000000|3.000000|7.000000|4.000000|0.000000|0.000000|0.000000|0.000000|10998.290039|0.000000|1.000000|0.000000|3.000000|3.000000|10998.290039|10404.290039
16:22:45|594.000000|6000.000000|0.000000|0.000000|0.000000|5634.190430|630.000000|500.000000|0.000000|0.000000|1500.000000|4500.000000|20000.000000|5040.190430|0.000000|5.449000|10.000000|3.000000|7.000000|4.000000|0.000000|0.000000|0.000000|0.000000|10998.290039|0.000000|1.000000|0.000000|3.000000|3.000000|10998.290039|10404.290039
16:23:15|594.000000|6000.000000|0.000000|0.000000|0.000000|5634.190430|630.000000|500.000000|0.000000|0.000000|1500.000000|4500.000000|20000.000000|5040.190430|0.000000|5.449000|10.000000|3.000000|7.000000|4.000000|0.000000|0.000000|0.000000|0.000000|10998.290039|0.000000|1.000000|0.000000|3.000000|3.000000|10998.290039|10404.290039
16:23:45|396.000000|4000.000000|0.000000|0.000000|0.000000|3634.189941|420.000000|500.000000|0.000000|0.000000|1500.000000|4500.000000|20000.000000|3238.189941|0.000000|5.449000|10.000000|2.000000|8.000000|4.000000|0.000000|0.000000|0.000000|0.000000|10998.290039|0.000000|1.000000|0.000000|4.000000|2.000000|10998.290039|10602.290039
16:24:15|396.000000|4000.000000|0.000000|0.000000|0.000000|3634.189941|420.000000|500.000000|0.000000|0.000000|1500.000000|4500.000000|20000.000000|3238.189941|0.000000|5.449000|10.000000|2.000000|8.000000|4.000000|0.000000|0.000000|0.000000|0.000000|10998.290039|0.000000|1.000000|0.000000|4.000000|2.000000|10998.290039|10602.290039
16:24:45|198.000000|2000.000000|0.000000|0.000000|0.000000|1699.760010|210.000000|500.000000|0.000000|0.000000|1500.000000|4500.000000|20000.000000|1501.760010|0.000000|5.449000|10.000000|1.000000|9.000000|4.000000|0.000000|0.000000|0.000000|0.000000|10998.290039|0.000000|1.000000|0.000000|5.000000|1.000000|10998.290039|10800.290039
16:25:16|198.000000|2000.000000|0.000000|0.000000|0.000000|1699.760010|210.000000|500.000000|0.000000|0.000000|1500.000000|4500.000000|20000.000000|1501.760010|0.000000|5.449000|10.000000|1.000000|9.000000|4.000000|0.000000|0.000000|0.000000|0.000000|10998.290039|0.000000|1.000000|0.000000|5.000000|1.000000|10998.290039|10800.290039
16:25:46|0.000000|0.000000|0.000000|0.000000|0.000000|0.000000|0.000000|500.000000|0.000000|0.000000|1500.000000|4500.000000|20000.000000|0.000000|0.000000|5.449000|10.000000|0.000000|10.000000|4.000000|0.000000|0.000000|0.000000|0.000000|10998.290039|0.000000|1.000000|0.000000|6.000000|0.000000|10998.290039|10998.290039
16:26:16|0.000000|0.000000|0.000000|0.000000|0.000000|0.000000|0.000000|500.000000|0.000000|0.000000|1500.000000|4500.000000|20000.000000|0.000000|0.000000|5.449000|10.000000|0.000000|10.000000|4.000000|0.000000|0.000000|0.000000|0.000000|10998.290039|0.000000|1.000000|0.000000|6.000000|0.000000|10998.290039|10998.290039
16:26:46|0.000000|0.000000|0.000000|0.000000|0.000000|0.000000|0.000000|500.000000|0.000000|0.000000|1500.000000|4500.000000|20000.000000|0.000000|0.000000|5.449000|10.000000|0.000000|10.000000|4.000000|0.000000|0.000000|0.000000|0.000000|10998.290039|0.000000|1.000000|0.000000|6.000000|0.000000|10998.290039|10998.290039
16:27:16|0.000000|0.000000|0.000000|0.000000|0.000000|0.000000|0.000000|500.000000|0.000000|0.000000|1500.000000|4500.000000|20000.000000|0.000000|0.000000|5.449000|10.000000|0.000000|10.000000|4.000000|0.000000|0.000000|0.000000|0.000000|10998.290039|0.000000|1.000000|0.000000|6.000000|0.000000|10998.290039|10998.290039
16:27:46|0.000000|0.000000|0.000000|0.000000|0.000000|0.000000|0.000000|500.000000|0.000000|0.000000|1500.000000|4500.000000|20000.000000|0.000000|0.000000|5.449000|10.000000|0.000000|10.000000|4.000000|0.000000|0.000000|0.000000|0.000000|10998.290039|0.000000|1.000000|0.000000|6.000000|0.000000|10998.290039|10998.290039
16:28:16|0.000000|0.000000|0.000000|0.000000|0.000000|0.000000|0.000000|500.000000|0.000000|0.000000|1500.000000|4500.000000|20000.000000|0.000000|0.000000|5.449000|10.000000|0.000000|10.000000|4.000000|0.000000|0.000000|0.000000|0.000000|10998.290039|0.000000|1.000000|0.000000|6.000000|0.000000|10998.290039|10998.290039
16:28:46|0.000000|0.000000|0.000000|0.000000|0.000000|0.000000|0.000000|500.000000|0.000000|0.000000|1500.000000|4500.000000|20000.000000|0.000000|0.000000|5.449000|10.000000|0.000000|10.000000|4.000000|0.000000|0.000000|0.000000|0.000000|10998.290039|0.000000|1.000000|0.000000|6.000000|0.000000|10998.290039|10998.290039
16:29:16|0.000000|0.000000|0.000000|0.000000|0.000000|0.000000|0.000000|500.000000|0.000000|0.000000|1500.000000|4500.000000|20000.000000|0.000000|0.000000|5.449000|10.000000|0.000000|10.000000|4.000000|0.000000|0.000000|0.000000|0.000000|10998.290039|0.000000|1.000000|0.000000|6.000000|0.000000|10998.290039|10998.290039
16:29:46|0.000000|0.000000|0.000000|0.000000|0.000000|0.000000|0.000000|500.000000|0.000000|0.000000|1500.000000|4500.000000|20000.000000|0.000000|0.000000|5.449000|10.000000|0.000000|10.000000|4.000000|0.000000|0.000000|0.000000|0.000000|10998.290039|0.000000|1.000000|0.000000|6.000000|0.000000|10998.290039|10998.290039
16:30:16|0.000000|0.000000|0.000000|0.000000|0.000000|0.000000|0.000000|500.000000|0.000000|0.000000|1500.000000|4500.000000|20000.000000|0.000000|0.000000|5.449000|10.000000|0.000000|10.000000|4.000000|0.000000|0.000000|0.000000|0.000000|10998.290039|0.000000|1.000000|0.000000|6.000000|0.000000|10998.290039|10998.290039
16:30:46|0.000000|0.000000|0.000000|0.000000|0.000000|0.000000|0.000000|500.000000|0.000000|0.000000|1500.000000|4500.000000|20000.000000|0.000000|0.000000|5.449000|10.000000|0.000000|10.000000|4.000000|0.000000|0.000000|0.000000|0.000000|10998.290039|0.000000|1.000000|0.000000|6.000000|0.000000|10998.290039|10998.290039
16:31:16|0.000000|0.000000|0.000000|0.000000|0.000000|0.000000|0.000000|500.000000|0.000000|0.000000|1500.000000|4500.000000|20000.000000|0.000000|0.000000|5.449000|10.000000|0.000000|10.000000|4.000000|0.000000|0.000000|0.000000|0.000000|10998.290039|0.000000|1.000000|0.000000|6.000000|0.000000|10998.290039|10998.290039
16:31:46|0.000000|0.000000|0.000000|0.000000|0.000000|0.000000|0.000000|500.000000|0.000000|0.000000|1500.000000|4500.000000|20000.000000|0.000000|0.000000|5.449000|10.000000|0.000000|10.000000|4.000000|0.000000|0.000000|0.000000|0.000000|10998.290039|0.000000|1.000000|0.000000|6.000000|0.000000|10998.290039|10998.290039
16:32:16|0.000000|0.000000|0.000000|0.000000|0.000000|0.000000|0.000000|500.000000|0.000000|0.000000|1500.000000|4500.000000|20000.000000|0.000000|0.000000|5.449000|10.000000|0.000000|10.000000|4.000000|0.000000|0.000000|0.000000|0.000000|10998.290039|0.000000|1.000000|0.000000|6.000000|0.000000|10998.290039|10998.290039
16:32:46|0.000000|0.000000|0.000000|0.000000|0.000000|0.000000|0.000000|500.000000|0.000000|0.000000|1500.000000|4500.000000|20000.000000|0.000000|0.000000|5.449000|10.000000|0.000000|10.000000|4.000000|0.000000|0.000000|0.000000|0.000000|10998.290039|0.000000|1.000000|0.000000|6.000000|0.000000|10998.290039|10998.290039
16:33:16|0.000000|0.000000|0.000000|0.000000|0.000000|0.000000|0.000000|500.000000|0.000000|0.000000|1500.000000|4500.000000|20000.000000|0.000000|0.000000|5.449000|10.000000|0.000000|10.000000|4.000000|0.000000|0.000000|0.000000|0.000000|10998.290039|0.000000|1.000000|0.000000|6.000000|0.000000|10998.290039|10998.290039
16:33:46|0.000000|0.000000|0.000000|0.000000|0.000000|0.000000|0.000000|500.000000|0.000000|0.000000|1500.000000|4500.000000|20000.000000|0.000000|0.000000|5.449000|10.000000|0.000000|10.000000|4.000000|0.000000|0.000000|0.000000|0.000000|10998.290039|0.000000|1.000000|0.000000|6.000000|0.000000|10998.290039|10998.290039
16:34:16|0.000000|0.000000|0.000000|0.000000|0.000000|0.000000|0.000000|500.000000|0.000000|0.000000|1500.000000|4500.000000|20000.000000|0.000000|0.000000|5.449000|10.000000|0.000000|10.000000|4.000000|0.000000|0.000000|0.000000|0.000000|10998.290039|0.000000|1.000000|0.000000|6.000000|0.000000|10998.290039|10998.290039
16:34:46|0.000000|0.000000|0.000000|0.000000|0.000000|0.000000|0.000000|500.000000|0.000000|0.000000|1500.000000|4500.000000|20000.000000|0.000000|0.000000|5.449000|10.000000|0.000000|10.000000|4.000000|0.000000|0.000000|0.000000|0.000000|10998.290039|0.000000|1.000000|0.000000|6.000000|0.000000|10998.290039|10998.290039
16:35:16|0.000000|0.000000|0.000000|0.000000|0.000000|0.000000|0.000000|500.000000|0.000000|0.000000|1500.000000|4500.000000|20000.000000|0.000000|0.000000|5.449000|10.000000|0.000000|10.000000|4.000000|0.000000|0.000000|0.000000|0.000000|10998.290039|0.000000|1.000000|0.000000|6.000000|0.000000|10998.290039|10998.290039
16:36:07|0.000000|0.000000|0.000000|0.000000|0.000000|0.000000|0.000000|500.000000|0.000000|0.000000|1500.000000|4500.000000|20000.000000|0.000000|0.000000|5.449000|10.000000|0.000000|10.000000|4.000000|0.000000|0.000000|0.000000|0.000000|10998.290039|0.000000|1.000000|0.000000|6.000000|0.000000|10998.290039|10998.290039
16:36:37|0.000000|0.000000|0.000000|0.000000|0.000000|0.000000|0.000000|500.000000|0.000000|0.000000|1500.000000|4500.000000|20000.000000|0.000000|0.000000|5.449000|10.000000|0.000000|10.000000|4.000000|0.000000|0.000000|0.000000|0.000000|10998.290039|0.000000|1.000000|0.000000|6.000000|0.000000|10998.290039|10998.290039
16:37:07|594.000000|6000.000000|0.000000|0.000000|0.000000|5242.320313|630.000000|500.000000|0.000000|0.000000|1500.000000|4500.000000|20000.000000|4648.320313|0.000000|5.449000|10.000000|3.000000|7.000000|4.000000|0.000000|0.000000|0.000000|0.000000|10998.290039|0.000000|1.000000|0.000000|3.000000|3.000000|10998.290039|10404.290039
16:37:37|792.000000|8000.000000|0.000000|0.000000|0.000000|7176.750000|840.000000|500.000000|0.000000|0.000000|1500.000000|4500.000000|20000.000000|6384.750000|0.000000|5.449000|10.000000|4.000000|6.000000|4.000000|0.000000|0.000000|0.000000|0.000000|10998.290039|0.000000|1.000000|0.000000|2.000000|4.000000|10998.290039|10206.290039
16:38:07|2029.999878|10000.000000|0.000000|0.000000|0.000000|8998.290039|1050.000000|500.000000|0.000000|0.000000|1500.000000|4500.000000|20000.000000|6968.290039|979.999878|5.449000|10.000000|5.000000|5.000000|4.000000|0.000000|0.000000|0.000000|0.000000|10998.290039|0.000000|1.000000|0.000000|1.000000|5.000000|10998.290039|8968.290039
16:38:37|2228.000000|12000.000000|0.000000|0.000000|0.000000|10998.290039|1260.000000|500.000000|0.000000|0.000000|1500.000000|4500.000000|20000.000000|8770.290039|968.000000|5.449000|10.000000|6.000000|4.000000|4.000000|0.000000|0.000000|0.000000|0.000000|10998.290039|0.000000|1.000000|0.000000|0.000000|6.000000|10998.290039|8770.290039
16:39:07|2228.000000|12000.000000|0.000000|0.000000|0.000000|10998.290039|1260.000000|500.000000|0.000000|0.000000|1500.000000|4500.000000|20000.000000|8770.290039|968.000000|5.449000|10.000000|6.000000|4.000000|4.000000|0.000000|0.000000|0.000000|0.000000|10998.290039|0.000000|1.000000|0.000000|0.000000|6.000000|10998.290039|8770.290039
16:39:37|2228.000000|12000.000000|0.000000|0.000000|0.000000|10998.290039|1260.000000|500.000000|0.000000|0.000000|1500.000000|4500.000000|20000.000000|8770.290039|968.000000|5.449000|10.000000|6.000000|4.000000|4.000000|0.000000|0.000000|0.000000|0.000000|10998.290039|0.000000|1.000000|0.000000|0.000000|6.000000|10998.290039|8770.290039
16:40:07|2228.000000|12000.000000|0.000000|0.000000|0.000000|10998.290039|1260.000000|500.000000|0.000000|0.000000|1500.000000|4500.000000|20000.000000|8770.290039|968.000000|5.449000|10.000000|6.000000|4.000000|4.000000|0.000000|0.000000|0.000000|0.000000|10998.290039|0.000000|1.000000|0.000000|0.000000|6.000000|10998.290039|8770.290039
16:40:37|2228.000000|12000.000000|0.000000|0.000000|0.000000|10998.290039|1260.000000|500.000000|0.000000|0.000000|1500.000000|4500.000000|20000.000000|8770.290039|968.000000|5.449000|10.000000|6.000000|4.000000|4.000000|0.000000|0.000000|0.000000|0.000000|10998.290039|0.000000|1.000000|0.000000|0.000000|6.000000|10998.290039|8770.290039
16:41:08|2228.000000|12000.000000|0.000000|0.000000|0.000000|10998.290039|1260.000000|500.000000|0.000000|0.000000|1500.000000|4500.000000|20000.000000|8770.290039|968.000000|5.449000|10.000000|6.000000|4.000000|4.000000|0.000000|0.000000|0.000000|0.000000|10998.290039|0.000000|1.000000|0.000000|0.000000|6.000000|10998.290039|8770.290039
16:42:04|2228.000000|12000.000000|0.000000|0.000000|0.000000|10998.290039|1260.000000|500.000000|0.000000|0.000000|1500.000000|4500.000000|20000.000000|8770.290039|968.000000|5.449000|10.000000|6.000000|4.000000|4.000000|0.000000|0.000000|0.000000|0.000000|10998.290039|0.000000|1.000000|0.000000|0.000000|6.000000|10998.290039|8770.290039
17:01:10|2228.000000|12000.000000|0.000000|0.000000|0.000000|10998.290039|1260.000000|500.000000|0.000000|0.000000|1500.000000|4500.000000|20000.000000|8770.290039|968.000000|5.449000|10.000000|6.000000|4.000000|4.000000|0.000000|0.000000|0.000000|0.000000|10998.290039|0.000000|1.000000|0.000000|0.000000|6.000000|10998.290039|8770.290039
17:01:40|2228.000000|12000.000000|0.000000|0.000000|0.000000|10998.290039|1260.000000|500.000000|0.000000|0.000000|1500.000000|4500.000000|20000.000000|8770.290039|968.000000|5.449000|10.000000|6.000000|4.000000|4.000000|0.000000|0.000000|0.000000|0.000000|10998.290039|0.000000|1.000000|0.000000|0.000000|6.000000|10998.290039|8770.290039
17:02:15|2228.000000|12000.000000|0.000000|0.000000|0.000000|10998.290039|1260.000000|500.000000|0.000000|0.000000|1500.000000|4500.000000|20000.000000|8770.290039|968.000000|5.449000|10.000000|6.000000|4.000000|4.000000|0.000000|0.000000|0.000000|0.000000|10998.290039|0.000000|1.000000|0.000000|0.000000|6.000000|10998.290039|8770.290039
17:02:45|2228.000000|12000.000000|0.000000|0.000000|0.000000|10998.290039|1260.000000|500.000000|0.000000|0.000000|1500.000000|4500.000000|20000.000000|8770.290039|968.000000|5.449000|10.000000|6.000000|4.000000|4.000000|0.000000|0.000000|0.000000|0.000000|10998.290039|0.000000|1.000000|0.000000|0.000000|6.000000|10998.290039|8770.290039
17:03:15|2228.000000|12000.000000|0.000000|0.000000|0.000000|10998.290039|1260.000000|500.000000|0.000000|0.000000|1500.000000|4500.000000|20000.000000|8770.290039|968.000000|5.449000|10.000000|6.000000|4.000000|4.000000|0.000000|0.000000|0.000000|0.000000|10998.290039|0.000000|1.000000|0.000000|0.000000|6.000000|10998.290039|8770.290039
17:03:45|2228.000000|12000.000000|0.000000|0.000000|0.000000|10998.290039|1260.000000|500.000000|0.000000|0.000000|1500.000000|4500.000000|20000.000000|8770.290039|968.000000|5.449000|10.000000|6.000000|4.000000|4.000000|0.000000|0.000000|0.000000|0.000000|10998.290039|0.000000|1.000000|0.000000|0.000000|6.000000|10998.290039|8770.290039
17:06:27|2228.000000|12000.000000|0.000000|0.000000|0.000000|10998.290039|1260.000000|500.000000|0.000000|0.000000|1500.000000|4500.000000|20000.000000|8770.290039|968.000000|5.449000|10.000000|6.000000|4.000000|4.000000|0.000000|0.000000|0.000000|0.000000|10998.290039|0.000000|1.000000|0.000000|0.000000|6.000000|10998.290039|8770.290039
17:07:02|2228.000000|12000.000000|0.000000|0.000000|0.000000|10998.290039|1260.000000|500.000000|0.000000|0.000000|1500.000000|4500.000000|20000.000000|8770.290039|968.000000|5.449000|10.000000|6.000000|4.000000|4.000000|0.000000|0.000000|0.000000|0.000000|10998.290039|0.000000|1.000000|0.000000|0.000000|6.000000|10998.290039|8770.290039
17:07:32|2228.000000|12000.000000|0.000000|0.000000|0.000000|10998.290039|1260.000000|500.000000|0.000000|0.000000|1500.000000|4500.000000|20000.000000|8770.290039|968.000000|5.449000|10.000000|6.000000|4.000000|4.000000|0.000000|0.000000|0.000000|0.000000|10998.290039|0.000000|1.000000|0.000000|0.000000|6.000000|10998.290039|8770.290039
17:08:02|2228.000000|12000.000000|0.000000|0.000000|0.000000|10998.290039|1260.000000|500.000000|0.000000|0.000000|1500.000000|4500.000000|20000.000000|8770.290039|968.000000|5.449000|10.000000|6.000000|4.000000|4.000000|0.000000|0.000000|0.000000|0.000000|10998.290039|0.000000|1.000000|0.000000|0.000000|6.000000|10998.290039|8770.290039
17:08:32|2228.000000|12000.000000|0.000000|0.000000|0.000000|10998.290039|1260.000000|500.000000|0.000000|0.000000|1500.000000|4500.000000|20000.000000|8770.290039|968.000000|5.449000|10.000000|6.000000|4.000000|4.000000|0.000000|0.000000|0.000000|0.000000|10998.290039|0.000000|1.000000|0.000000|0.000000|6.000000|10998.290039|8770.290039
17:09:02|2228.000000|12000.000000|0.000000|0.000000|0.000000|10998.290039|1260.000000|500.000000|0.000000|0.000000|1500.000000|4500.000000|20000.000000|8770.290039|968.000000|5.449000|10.000000|6.000000|4.000000|4.000000|0.000000|0.000000|0.000000|0.000000|10998.290039|0.000000|1.000000|0.000000|0.000000|6.000000|10998.290039|8770.290039
17:09:32|2228.000000|12000.000000|0.000000|0.000000|0.000000|10998.290039|1260.000000|500.000000|0.000000|0.000000|1500.000000|4500.000000|20000.000000|8770.290039|968.000000|5.449000|10.000000|6.000000|4.000000|4.000000|0.000000|0.000000|0.000000|0.000000|10998.290039|0.000000|1.000000|0.000000|0.000000|6.000000|10998.290039|8770.290039
17:10:02|2228.000000|12000.000000|0.000000|0.000000|0.000000|10998.290039|1260.000000|500.000000|0.000000|0.000000|1500.000000|4500.000000|20000.000000|8770.290039|968.000000|5.449000|10.000000|6.000000|4.000000|4.000000|0.000000|0.000000|0.000000|0.000000|10998.290039|0.000000|1.000000|0.000000|0.000000|6.000000|10998.290039|8770.290039
17:10:32|2228.000000|12000.000000|0.000000|0.000000|0.000000|10998.290039|1260.000000|500.000000|0.000000|0.000000|1500.000000|4500.000000|20000.000000|8770.290039|968.000000|5.449000|10.000000|6.000000|4.000000|4.000000|0.000000|0.000000|0.000000|0.000000|10998.290039|0.000000|1.000000|0.000000|0.000000|6.000000|10998.290039|8770.290039
17:11:02|2228.000000|12000.000000|0.000000|0.000000|0.000000|10998.290039|1260.000000|500.000000|0.000000|0.000000|1500.000000|4500.000000|20000.000000|8770.290039|968.000000|5.449000|10.000000|6.000000|4.000000|4.000000|0.000000|0.000000|0.000000|0.000000|10998.290039|0.000000|1.000000|0.000000|0.000000|6.000000|10998.290039|8770.290039
17:12:07|2228.000000|12000.000000|0.000000|0.000000|0.000000|10998.290039|1260.000000|500.000000|0.000000|0.000000|1500.000000|4500.000000|20000.000000|8770.290039|968.000000|5.449000|10.000000|6.000000|4.000000|4.000000|0.000000|0.000000|0.000000|0.000000|10998.290039|0.000000|1.000000|0.000000|0.000000|6.000000|10998.290039|8770.290039
17:12:37|2228.000000|12000.000000|0.000000|0.000000|0.000000|10998.290039|1260.000000|500.000000|0.000000|0.000000|1500.000000|4500.000000|20000.000000|8770.290039|968.000000|5.449000|10.000000|6.000000|4.000000|4.000000|0.000000|0.000000|0.000000|0.000000|10998.290039|0.000000|1.000000|0.000000|0.000000|6.000000|10998.290039|8770.290039
17:13:07|2228.000000|12000.000000|0.000000|0.000000|0.000000|10998.290039|1260.000000|500.000000|0.000000|0.000000|1500.000000|4500.000000|20000.000000|8770.290039|968.000000|5.449000|10.000000|6.000000|4.000000|4.000000|0.000000|0.000000|0.000000|0.000000|10998.290039|0.000000|1.000000|0.000000|0.000000|6.000000|10998.290039|8770.290039
17:13:37|2228.000000|12000.000000|0.000000|0.000000|0.000000|10998.290039|1260.000000|500.000000|0.000000|0.000000|1500.000000|4500.000000|20000.000000|8770.290039|968.000000|5.449000|10.000000|6.000000|4.000000|4.000000|0.000000|0.000000|0.000000|0.000000|10998.290039|0.000000|1.000000|0.000000|0.000000|6.000000|10998.290039|8770.290039
17:14:07|2228.000000|12000.000000|0.000000|1000.000000|0.000000|10998.290039|1260.000000|500.000000|0.000000|0.000000|1500.000000|4500.000000|20000.000000|8770.290039|968.000000|5.449000|10.000000|6.000000|4.000000|4.000000|0.000000|0.000000|0.000000|0.000000|10998.290039|0.000000|1.000000|0.000000|0.000000|6.000000|10998.290039|8770.290039
17:14:37|2228.000000|12000.000000|0.000000|1000.000000|0.000000|10998.290039|1260.000000|500.000000|0.000000|0.000000|1500.000000|4500.000000|20000.000000|8770.290039|968.000000|5.449000|10.000000|6.000000|4.000000|4.000000|0.000000|0.000000|0.000000|0.000000|10998.290039|0.000000|1.000000|0.000000|0.000000|6.000000|10998.290039|8770.290039
17:15:07|2228.000000|12000.000000|0.000000|1000.000000|1000.000000|10998.290039|1260.000000|500.000000|0.000000|0.000000|1500.000000|4500.000000|20000.000000|8770.290039|968.000000|5.449000|10.000000|6.000000|4.000000|4.000000|0.000000|0.000000|0.000000|0.000000|10998.290039|0.000000|1.000000|0.000000|0.000000|6.000000|10998.290039|8770.290039
17:15:37|2228.000000|12000.000000|0.000000|1000.000000|1000.000000|10998.290039|1260.000000|500.000000|0.000000|0.000000|1500.000000|4500.000000|20000.000000|8770.290039|968.000000|5.449000|10.000000|6.000000|4.000000|4.000000|0.000000|0.000000|0.000000|0.000000|10998.290039|0.000000|1.000000|0.000000|0.000000|6.000000|10998.290039|8770.290039
17:16:08|2228.000000|12000.000000|0.000000|1000.000000|1000.000000|10998.290039|1260.000000|500.000000|0.000000|0.000000|1500.000000|4500.000000|20000.000000|8770.290039|968.000000|5.449000|10.000000|6.000000|4.000000|4.000000|0.000000|0.000000|0.000000|0.000000|10998.290039|0.000000|1.000000|0.000000|0.000000|6.000000|10998.290039|8770.290039
17:16:38|2228.000000|12000.000000|0.000000|1000.000000|1000.000000|10998.290039|1260.000000|500.000000|0.000000|0.000000|1500.000000|4500.000000|20000.000000|8770.290039|968.000000|5.449000|10.000000|6.000000|4.000000|4.000000|0.000000|0.000000|0.000000|0.000000|10998.290039|0.000000|1.000000|0.000000|0.000000|6.000000|10998.290039|8770.290039
17:17:08|2228.000000|12000.000000|0.000000|1000.000000|1000.000000|10998.290039|1260.000000|500.000000|0.000000|0.000000|1500.000000|4500.000000|20000.000000|8770.290039|968.000000|5.449000|10.000000|6.000000|4.000000|4.000000|0.000000|0.000000|0.000000|0.000000|10998.290039|0.000000|1.000000|0.000000|0.000000|6.000000|10998.290039|8770.290039
17:17:38|2228.000000|12000.000000|0.000000|1000.000000|1000.000000|10998.290039|1260.000000|500.000000|0.000000|0.000000|1500.000000|4500.000000|20000.000000|8770.290039|968.000000|5.449000|10.000000|6.000000|4.000000|4.000000|0.000000|0.000000|0.000000|0.000000|10998.290039|0.000000|1.000000|0.000000|0.000000|6.000000|10998.290039|8770.290039
17:18:08|990.000000|10000.000000|0.000000|1000.000000|1000.000000|9176.750000|1050.000000|500.000000|0.000000|0.000000|1500.000000|4500.000000|20000.000000|8186.750000|0.000000|5.449000|10.000000|5.000000|5.000000|4.000000|0.000000|0.000000|0.000000|0.000000|10998.290039|0.000000|1.000000|0.000000|1.000000|5.000000|10998.290039|10008.290039
17:18:38|990.000000|10000.000000|0.000000|10000.000000|10000.000000|9176.750000|1050.000000|500.000000|0.000000|0.000000|1500.000000|4500.000000|20000.000000|8186.750000|0.000000|5.449000|10.000000|5.000000|5.000000|4.000000|0.000000|0.000000|0.000000|0.000000|10998.290039|0.000000|1.000000|0.000000|1.000000|5.000000|10998.290039|10008.290039
17:19:08|9940.000000|10000.000000|0.000000|10000.000000|10000.000000|9940.000000|1050.000000|500.000000|0.000000|0.000000|1500.000000|4500.000000|20000.000000|0.000000|8890.000000|5.449000|10.000000|5.000000|5.000000|4.000000|1.000000|0.000000|0.000000|0.000000|9940.000000|0.000000|1.000000|0.000000|0.000000|5.000000|9940.000000|0.000000
17:19:38|9940.000000|10000.000000|0.000000|10000.000000|10000.000000|9940.000000|1050.000000|500.000000|0.000000|0.000000|1500.000000|4500.000000|20000.000000|0.000000|8890.000000|5.449000|10.000000|5.000000|5.000000|4.000000|1.000000|0.000000|0.000000|0.000000|9940.000000|0.000000|1.000000|0.000000|0.000000|5.000000|9940.000000|0.000000
17:20:08|9940.000000|10000.000000|0.000000|10000.000000|10000.000000|9940.000000|1050.000000|500.000000|0.000000|0.000000|1500.000000|4500.000000|20000.000000|0.000000|8890.000000|5.449000|10.000000|5.000000|5.000000|4.000000|1.000000|0.000000|0.000000|0.000000|9940.000000|0.000000|1.000000|0.000000|0.000000|5.000000|9940.000000|0.000000
17:20:38|9940.000000|12000.000000|0.000000|10000.000000|10000.000000|11749.540039|1260.000000|500.000000|0.000000|0.000000|1500.000000|4500.000000|20000.000000|1809.540039|8680.000000|5.449000|10.000000|6.000000|4.000000|4.000000|0.000000|0.000000|0.000000|0.000000|11749.540039|0.000000|1.000000|0.000000|0.000000|6.000000|11749.540039|1809.540039
17:21:08|9940.000000|12000.000000|0.000000|10000.000000|10000.000000|11749.540039|1260.000000|500.000000|0.000000|0.000000|1500.000000|4500.000000|20000.000000|1809.540039|8680.000000|5.449000|10.000000|6.000000|4.000000|4.000000|0.000000|0.000000|0.000000|0.000000|11749.540039|0.000000|1.000000|0.000000|0.000000|6.000000|11749.540039|1809.540039
17:21:38|9940.000000|12000.000000|0.000000|10000.000000|10000.000000|11749.540039|1260.000000|500.000000|0.000000|0.000000|1500.000000|4500.000000|20000.000000|1809.540039|8680.000000|5.449000|10.000000|6.000000|4.000000|4.000000|0.000000|0.000000|0.000000|0.000000|11749.540039|0.000000|1.000000|0.000000|0.000000|6.000000|11749.540039|1809.540039
17:22:08|9940.000000|12000.000000|0.000000|10000.000000|10000.000000|11749.540039|1260.000000|500.000000|0.000000|0.000000|1500.000000|4500.000000|20000.000000|1809.540039|8680.000000|5.449000|10.000000|6.000000|4.000000|4.000000|0.000000|0.000000|0.000000|0.000000|11749.540039|0.000000|1.000000|0.000000|0.000000|6.000000|11749.540039|1809.540039
17:22:38|9940.000000|12000.000000|0.000000|10000.000000|10000.000000|11749.540039|1260.000000|500.000000|0.000000|0.000000|1500.000000|4500.000000|20000.000000|1809.540039|8680.000000|5.449000|10.000000|6.000000|4.000000|4.000000|0.000000|0.000000|0.000000|0.000000|11749.540039|0.000000|1.000000|0.000000|0.000000|6.000000|11749.540039|1809.540039
17:23:08|9940.000000|12000.000000|0.000000|1000.000000|10000.000000|11749.540039|1260.000000|500.000000|0.000000|0.000000|1500.000000|4500.000000|20000.000000|1809.540039|8680.000000|5.449000|10.000000|6.000000|4.000000|4.000000|0.000000|0.000000|0.000000|0.000000|11749.540039|0.000000|1.000000|0.000000|0.000000|6.000000|11749.540039|1809.540039
17:23:39|1788.000000|12000.000000|0.000000|1000.000000|1000.000000|10998.290039|1260.000000|500.000000|0.000000|0.000000|1500.000000|4500.000000|20000.000000|9210.290039|528.000000|5.449000|10.000000|6.000000|4.000000|4.000000|0.000000|0.000000|0.000000|0.000000|10998.290039|0.000000|1.000000|0.000000|0.000000|6.000000|10998.290039|9210.290039
17:24:09|1788.000000|12000.000000|0.000000|1000.000000|1000.000000|10998.290039|1260.000000|500.000000|0.000000|0.000000|1500.000000|4500.000000|20000.000000|9210.290039|528.000000|5.449000|10.000000|6.000000|4.000000|4.000000|0.000000|0.000000|0.000000|0.000000|10998.290039|0.000000|1.000000|0.000000|0.000000|6.000000|10998.290039|9210.290039
17:24:39|1788.000000|12000.000000|0.000000|1000.000000|1000.000000|10998.290039|1260.000000|500.000000|0.000000|0.000000|1500.000000|4500.000000|20000.000000|9210.290039|528.000000|5.449000|10.000000|6.000000|4.000000|4.000000|0.000000|0.000000|0.000000|0.000000|10998.290039|0.000000|1.000000|0.000000|0.000000|6.000000|10998.290039|9210.290039
17:25:09|1788.000000|12000.000000|0.000000|1000.000000|1000.000000|10998.290039|1260.000000|500.000000|0.000000|0.000000|1500.000000|4500.000000|20000.000000|9210.290039|528.000000|5.449000|10.000000|6.000000|4.000000|4.000000|0.000000|0.000000|0.000000|0.000000|10998.290039|0.000000|1.000000|0.000000|0.000000|6.000000|10998.290039|9210.290039
17:25:39|1788.000000|12000.000000|0.000000|1000.000000|1000.000000|10998.290039|1260.000000|500.000000|0.000000|0.000000|1500.000000|4500.000000|20000.000000|9210.290039|528.000000|5.449000|10.000000|6.000000|4.000000|4.000000|0.000000|0.000000|0.000000|0.000000|10998.290039|0.000000|1.000000|0.000000|0.000000|6.000000|10998.290039|9210.290039
17:26:09|1788.000000|12000.000000|0.000000|1000.000000|1000.000000|10998.290039|1260.000000|500.000000|0.000000|0.000000|1500.000000|4500.000000|20000.000000|9210.290039|528.000000|5.449000|10.000000|6.000000|4.000000|4.000000|0.000000|0.000000|0.000000|0.000000|10998.290039|0.000000|1.000000|0.000000|0.000000|6.000000|10998.290039|9210.290039
17:26:40|1590.000000|10000.000000|0.000000|1000.000000|1000.000000|8998.290039|1050.000000|500.000000|0.000000|0.000000|1500.000000|4500.000000|20000.000000|7408.290039|540.000000|5.449000|10.000000|5.000000|5.000000|4.000000|1.000000|0.000000|0.000000|0.000000|8998.290039|0.000000|1.000000|0.000000|0.000000|5.000000|8998.290039|7408.290039
17:27:10|840.000000|8000.000000|0.000000|1000.000000|1000.000000|7063.860352|840.000000|500.000000|0.000000|0.000000|1500.000000|4500.000000|20000.000000|6223.860352|0.000000|5.449000|10.000000|4.000000|6.000000|4.000000|1.000000|0.000000|0.000000|0.000000|8998.290039|0.000000|1.000000|0.000000|1.000000|4.000000|8998.290039|8158.290039
17:29:26|7952.000000|8000.000000|0.000000|10000.000000|10000.000000|7952.000000|840.000000|500.000000|0.000000|0.000000|1500.000000|4500.000000|20000.000000|0.000000|7112.000000|5.449000|10.000000|4.000000|6.000000|4.000000|2.000000|0.000000|0.000000|0.000000|7952.000000|0.000000|1.000000|0.000000|0.000000|4.000000|7952.000000|0.000000
17:36:47|7952.000000|8000.000000|0.000000|10000.000000|10000.000000|7952.000000|840.000000|500.000000|0.000000|0.000000|1500.000000|4500.000000|20000.000000|0.000000|7112.000000|5.449000|10.000000|4.000000|6.000000|4.000000|2.000000|0.000000|0.000000|0.000000|7952.000000|0.000000|1.000000|0.000000|0.000000|4.000000|7952.000000|0.000000
17:37:17|7952.000000|8000.000000|0.000000|10000.000000|10000.000000|7952.000000|840.000000|500.000000|0.000000|0.000000|1500.000000|4500.000000|20000.000000|0.000000|7112.000000|5.449000|10.000000|4.000000|6.000000|4.000000|2.000000|0.000000|0.000000|0.000000|7952.000000|0.000000|1.000000|0.000000|0.000000|4.000000|7952.000000|0.000000
17:37:51|7952.000000|8000.000000|0.000000|10000.000000|10000.000000|7952.000000|840.000000|500.000000|0.000000|0.000000|1500.000000|4500.000000|20000.000000|0.000000|7112.000000|5.449000|10.000000|4.000000|6.000000|4.000000|2.000000|0.000000|0.000000|0.000000|7952.000000|0.000000|1.000000|0.000000|0.000000|4.000000|7952.000000|0.000000
17:38:21|7952.000000|8000.000000|0.000000|10000.000000|10000.000000|7952.000000|840.000000|500.000000|0.000000|0.000000|1500.000000|4500.000000|20000.000000|0.000000|7112.000000|5.449000|10.000000|4.000000|6.000000|4.000000|2.000000|0.000000|0.000000|0.000000|7952.000000|0.000000|1.000000|0.000000|0.000000|4.000000|7952.000000|0.000000
17:38:51|7952.000000|8000.000000|0.000000|10000.000000|10000.000000|7952.000000|840.000000|500.000000|0.000000|0.000000|1500.000000|4500.000000|20000.000000|0.000000|7112.000000|5.449000|10.000000|4.000000|6.000000|4.000000|2.000000|0.000000|0.000000|0.000000|7952.000000|0.000000|1.000000|0.000000|0.000000|4.000000|7952.000000|0.000000
17:39:22|7952.000000|8000.000000|0.000000|10000.000000|10000.000000|7952.000000|840.000000|500.000000|0.000000|0.000000|1500.000000|4500.000000|20000.000000|0.000000|7112.000000|5.449000|10.000000|4.000000|6.000000|4.000000|2.000000|0.000000|0.000000|0.000000|7952.000000|0.000000|1.000000|0.000000|0.000000|4.000000|7952.000000|0.000000
17:39:52|7952.000000|8000.000000|0.000000|1000.000000|1000.000000|7952.000000|840.000000|500.000000|0.000000|0.000000|1500.000000|4500.000000|20000.000000|0.000000|7112.000000|5.449000|10.000000|4.000000|6.000000|4.000000|2.000000|0.000000|0.000000|0.000000|7952.000000|0.000000|1.000000|0.000000|0.000000|4.000000|7952.000000|0.000000
17:40:22|1150.000000|10000.000000|0.000000|1000.000000|1000.000000|8998.290039|1050.000000|500.000000|0.000000|0.000000|1500.000000|4500.000000|20000.000000|7848.290039|100.000000|5.449000|10.000000|5.000000|5.000000|4.000000|1.000000|0.000000|0.000000|0.000000|8998.290039|0.000000|1.000000|0.000000|0.000000|5.000000|8998.290039|7848.290039
17:40:52|1212.000000|12000.000000|0.000000|1000.000000|1000.000000|10998.290039|1260.000000|500.000000|0.000000|0.000000|1500.000000|4500.000000|20000.000000|9786.290039|0.000000|5.449000|10.000000|6.000000|4.000000|4.000000|0.000000|0.000000|0.000000|0.000000|10998.290039|0.000000|1.000000|0.000000|0.000000|6.000000|10998.290039|9786.290039
17:41:22|1212.000000|12000.000000|0.000000|1000.000000|1000.000000|10998.290039|1260.000000|500.000000|0.000000|0.000000|1500.000000|4500.000000|20000.000000|9786.290039|0.000000|5.449000|10.000000|6.000000|4.000000|4.000000|0.000000|0.000000|0.000000|0.000000|10998.290039|0.000000|1.000000|0.000000|0.000000|6.000000|10998.290039|9786.290039
17:41:52|1014.000000|10000.000000|0.000000|1000.000000|1000.000000|9063.860352|1050.000000|500.000000|0.000000|0.000000|1500.000000|4500.000000|20000.000000|8049.860352|0.000000|5.449000|10.000000|5.000000|5.000000|4.000000|0.000000|0.000000|0.000000|0.000000|10998.290039|0.000000|1.000000|0.000000|1.000000|5.000000|10998.290039|9984.290039
17:42:22|816.000000|8000.000000|0.000000|1000.000000|1000.000000|7063.860352|840.000000|500.000000|0.000000|0.000000|1500.000000|4500.000000|20000.000000|6247.860352|0.000000|5.449000|10.000000|4.000000|6.000000|4.000000|0.000000|0.000000|0.000000|0.000000|10998.290039|0.000000|1.000000|0.000000|2.000000|4.000000|10998.290039|10182.290039
17:42:52|816.000000|8000.000000|0.000000|10000.000000|10000.000000|7063.860352|840.000000|500.000000|0.000000|0.000000|1500.000000|4500.000000|20000.000000|6247.860352|0.000000|5.449000|10.000000|4.000000|6.000000|4.000000|0.000000|0.000000|0.000000|0.000000|10998.290039|0.000000|1.000000|0.000000|2.000000|4.000000|10998.290039|10182.290039
17:43:22|7952.000000|8000.000000|0.000000|10000.000000|10000.000000|7952.000000|840.000000|500.000000|0.000000|0.000000|1500.000000|4500.000000|20000.000000|0.000000|7112.000000|5.449000|10.000000|4.000000|6.000000|4.000000|2.000000|0.000000|0.000000|0.000000|7952.000000|0.000000|1.000000|0.000000|0.000000|4.000000|7952.000000|0.000000
17:43:52|7952.000000|8000.000000|0.000000|10000.000000|10000.000000|7952.000000|840.000000|500.000000|0.000000|0.000000|1500.000000|4500.000000|20000.000000|0.000000|7112.000000|5.449000|10.000000|4.000000|6.000000|4.000000|2.000000|0.000000|0.000000|0.000000|7952.000000|0.000000|1.000000|0.000000|0.000000|4.000000|7952.000000|0.000000
17:44:22|7952.000000|8000.000000|0.000000|10000.000000|10000.000000|7952.000000|840.000000|500.000000|0.000000|0.000000|1500.000000|4500.000000|20000.000000|0.000000|7112.000000|5.449000|10.000000|4.000000|6.000000|4.000000|2.000000|0.000000|0.000000|0.000000|7952.000000|0.000000|1.000000|0.000000|0.000000|4.000000|7952.000000|0.000000
17:44:52|7952.000000|8000.000000|0.000000|10000.000000|10000.000000|7952.000000|840.000000|500.000000|0.000000|0.000000|1500.000000|4500.000000|20000.000000|0.000000|7112.000000|5.449000|10.000000|4.000000|6.000000|4.000000|2.000000|0.000000|0.000000|0.000000|7952.000000|0.000000|1.000000|0.000000|0.000000|4.000000|7952.000000|0.000000
17:45:22|10138.000000|12000.000000|0.000000|10000.000000|10000.000000|11940.000000|1260.000000|500.000000|0.000000|0.000000|1500.000000|4500.000000|20000.000000|1802.000000|8878.000000|5.449000|10.000000|6.000000|4.000000|4.000000|0.000000|0.000000|0.000000|0.000000|11940.000000|0.000000|1.000000|0.000000|0.000000|6.000000|11940.000000|1802.000000
17:45:52|9940.000000|12000.000000|0.000000|10000.000000|10000.000000|11904.000000|1260.000000|500.000000|0.000000|0.000000|1500.000000|4500.000000|20000.000000|1964.000000|8680.000000|5.449000|10.000000|6.000000|4.000000|4.000000|0.000000|0.000000|0.000000|0.000000|11904.000000|0.000000|1.000000|0.000000|0.000000|6.000000|11904.000000|1964.000000
17:46:22|9940.000000|12000.000000|0.000000|10000.000000|10000.000000|11904.000000|1260.000000|500.000000|0.000000|0.000000|1500.000000|4500.000000|20000.000000|1964.000000|8680.000000|5.449000|10.000000|6.000000|4.000000|4.000000|0.000000|0.000000|0.000000|0.000000|11904.000000|0.000000|1.000000|0.000000|0.000000|6.000000|11904.000000|1964.000000
17:46:52|9940.000000|12000.000000|0.000000|10000.000000|10000.000000|11904.000000|1260.000000|500.000000|0.000000|0.000000|1500.000000|4500.000000|20000.000000|1964.000000|8680.000000|5.449000|10.000000|6.000000|4.000000|4.000000|0.000000|0.000000|0.000000|0.000000|11904.000000|0.000000|1.000000|0.000000|0.000000|6.000000|11904.000000|1964.000000
17:49:47|9940.000000|12000.000000|0.000000|10000.000000|10000.000000|11904.000000|1260.000000|500.000000|0.000000|0.000000|1500.000000|4500.000000|20000.000000|1964.000000|8680.000000|5.449000|10.000000|6.000000|4.000000|4.000000|0.000000|0.000000|0.000000|0.000000|11904.000000|0.000000|1.000000|0.000000|0.000000|6.000000|11904.000000|1964.000000
17:50:17|9940.000000|12000.000000|0.000000|10000.000000|10000.000000|11904.000000|1260.000000|500.000000|0.000000|0.000000|1500.000000|4500.000000|20000.000000|1964.000000|8680.000000|5.449000|10.000000|6.000000|4.000000|4.000000|0.000000|0.000000|0.000000|0.000000|11904.000000|0.000000|1.000000|0.000000|0.000000|6.000000|11904.000000|1964.000000
17:50:47|2840.000000|12000.000000|0.000000|1000.000000|1000.000000|10998.290039|1260.000000|500.000000|0.000000|0.000000|1500.000000|4500.000000|20000.000000|8158.290039|1580.000000|5.449000|10.000000|6.000000|4.000000|4.000000|0.000000|0.000000|0.000000|0.000000|10998.290039|0.000000|1.000000|0.000000|0.000000|6.000000|10998.290039|8158.290039
17:51:17|993.000000|10000.000000|0.000000|1000.000000|1000.000000|8998.290039|1050.000000|500.000000|0.000000|0.000000|1500.000000|4500.000000|20000.000000|8005.290039|0.000000|5.449000|10.000000|5.000000|5.000000|4.000000|0.000000|0.000000|0.000000|0.000000|10998.290039|0.000000|1.000000|0.000000|1.000000|5.000000|10998.290039|10005.290039
17:51:47|7940.000000|10000.000000|0.000000|10000.000000|10000.000000|8998.290039|1050.000000|500.000000|0.000000|0.000000|1500.000000|4500.000000|20000.000000|1058.290039|6890.000000|5.449000|10.000000|5.000000|5.000000|4.000000|1.000000|0.000000|0.000000|0.000000|8998.290039|0.000000|1.000000|0.000000|0.000000|5.000000|8998.290039|1058.290039
17:52:17|9778.000000|12000.000000|0.000000|10000.000000|10000.000000|10998.290039|1260.000000|500.000000|0.000000|0.000000|1500.000000|4500.000000|20000.000000|1220.290039|8518.000000|5.449000|10.000000|6.000000|4.000000|4.000000|0.000000|0.000000|0.000000|0.000000|10998.290039|0.000000|1.000000|0.000000|0.000000|6.000000|10998.290039|1220.290039
17:52:47|9778.000000|12000.000000|0.000000|10000.000000|10000.000000|10998.290039|1260.000000|500.000000|0.000000|0.000000|1500.000000|4500.000000|20000.000000|1220.290039|8518.000000|5.449000|10.000000|6.000000|4.000000|4.000000|0.000000|0.000000|0.000000|0.000000|10998.290039|0.000000|1.000000|0.000000|0.000000|6.000000|10998.290039|1220.290039
17:53:17|9778.000000|12000.000000|0.000000|10000.000000|10000.000000|10998.290039|1260.000000|500.000000|0.000000|0.000000|1500.000000|4500.000000|20000.000000|1220.290039|8518.000000|5.449000|10.000000|6.000000|4.000000|4.000000|0.000000|0.000000|0.000000|0.000000|10998.290039|0.000000|1.000000|0.000000|0.000000|6.000000|10998.290039|1220.290039
