ID32,uTuID,strID,strName,lDPUID,iNoInDPU,iVal,tSnapTime,iQuality,iIndex,iType,iRaw,FormulaID32,iZfID,lFlag,iDataType,iLastTime,iOpenSum,iCloseSum,iAlmClass,lDynaFlag,dvtype,dvno
1,1,I11XXSS_DI1,通道状态-虚拟通道,1,0,1,2015-7-18 15:16:19,0,1,,1,0,0,3,0,0,0,0,5,288,0,0
2,1,I11XXSS_DI2,通道状态-采集徐官屯通讯管理机,1,0,1,2015-7-18 15:16:19,0,2,,0,0,0,3,0,0,0,0,5,288,0,0
3,1,I11XXSS_DI3,通道状态-备用,1,0,1,2015-7-18 15:16:19,0,3,,0,0,0,3,0,0,0,0,5,288,0,0
4,1,I11XXSS_DI4,通道状态-备用,1,0,1,2015-7-18 15:16:19,0,4,,0,0,0,3,0,0,0,0,5,288,0,0
5,1,I11XXSS_DI5,通道状态-备用,1,0,1,2015-7-18 15:16:19,0,5,,0,0,0,3,0,0,0,0,5,288,0,0
6,1,I11XXSS_DI6,通道状态-备用,1,0,1,2015-7-18 15:16:19,0,6,,0,0,0,3,0,0,0,0,5,288,0,0
7,1,I11XXSS_DI7,通道状态-备用,1,0,0,2015-7-18 15:16:19,0,7,,1,0,0,3,0,0,0,0,5,288,0,0
8,1,I11XXSS_DI8,通道状态-备用,1,0,0,2015-7-18 15:16:19,0,8,,0,0,0,3,0,0,0,0,5,288,0,0
9,1,I11XXSS_DI9,通道状态-备用,1,0,0,2015-7-18 15:16:19,0,9,,0,0,0,3,0,0,0,0,5,288,0,0
10,1,I11XXSS_DI10,通道状态-备用,1,0,0,2015-7-18 15:16:19,0,10,,1,0,0,3,0,0,0,0,5,288,0,0
11,1,I11XXSS_DI11,通道状态-备用,1,0,1,2015-7-18 15:16:19,0,11,,1,0,0,3,0,0,0,0,5,288,0,0
12,1,I11XXSS_DI12,通道状态-备用,1,0,1,2015-7-18 15:16:19,0,12,,0,0,0,3,0,0,0,0,5,288,0,0
13,1,I11XXSS_DI13,通道状态-备用,1,0,1,2015-7-18 15:16:19,0,13,,0,0,0,3,0,0,0,0,5,288,0,0
14,1,I11XXSS_DI14,通道状态-备用,1,0,1,2015-7-18 15:16:19,0,14,,0,0,0,3,0,0,0,0,5,288,0,0
15,1,I11XXSS_DI15,通道状态-备用,1,0,1,2015-7-18 15:16:19,0,15,,0,0,0,3,0,0,0,0,5,288,0,0
16,1,I11XXSS_DI16,通道状态-备用,1,0,1,2015-7-18 15:16:19,0,16,,1,0,0,3,0,0,0,0,5,288,0,0
17,1,I11XXSS_DI17,通道状态-备用,1,0,0,2015-7-16 17:23:30,0,17,,1,0,0,3,0,0,0,0,5,288,0,0
18,1,I11XXSS_DI18,通道状态-备用,1,0,1,2015-7-16 12:55:9,0,18,,0,0,0,3,0,0,0,0,5,288,0,0
19,1,I11XXSS_DI19,通道状态-备用,1,0,1,2015-7-16 17:23:20,0,19,,1,0,0,3,0,0,0,0,5,288,0,0
20,1,I11XXSS_DI20,通道状态-备用,1,0,0,2015-7-16 12:55:9,0,20,,1,0,0,3,0,0,0,0,5,288,0,0
21,1,I11XXSS_DI21,备用,1,0,1,2015-7-16 13:51:4,0,21,,1,0,0,3,0,0,0,0,5,288,0,0
22,1,I11XXSS_DI22,AGC遥信定义-AGC投入信号,1,0,1,2015-7-16 12:55:3,0,22,,1,0,0,3,0,0,0,0,5,288,0,0
23,1,I11XXSS_DI23,AGC遥信定义-AGC投入闭环控制,1,0,1,2015-7-16 12:55:9,0,23,,1,0,0,3,0,0,0,0,5,288,0,0
24,1,I11XXSS_DI24,AGC闭锁,1,0,0,2015-7-16 12:55:8,0,24,,0,0,0,3,0,0,0,0,5,288,0,0
25,1,I11XXSS_DI25,系统离网,1,0,0,2015-7-16 17:23:18,0,25,,0,0,0,3,0,0,0,0,5,288,0,0
26,1,I11XXSS_DI26,PCS故障,1,0,0,2015-7-16 12:55:7,0,26,,0,0,0,3,0,0,0,0,5,288,0,0
27,1,I11XXSS_DI27,PCS故障负荷超载,1,0,1,2015-7-16 17:23:29,0,27,,1,0,0,3,0,0,0,0,5,288,0,0
28,1,I11XXSS_DI28,母线电压过高,1,0,1,2015-7-16 12:55:9,0,28,,1,0,0,3,0,0,0,0,5,288,0,0
29,1,I11XXSS_DI29,负荷超载,1,0,1,2012-12-3 21:37:13,0,29,,0,0,0,3,0,0,0,0,5,288,0,0
30,1,I11XXSS_DI30,储能电量低负荷超载,1,0,0,2012-12-3 21:37:13,0,30,,1,0,0,3,0,0,0,0,5,288,0,0
31,1,I11XXSS_DI31,PCS故障储能继续运行,1,0,1,2012-12-3 21:37:13,0,31,,1,0,0,3,0,0,0,0,5,288,0,0
32,1,I11XXSS_DI32,通信中断,1,0,1,2012-12-3 21:37:14,0,32,,0,0,0,3,0,0,0,0,5,288,0,0
33,1,I11XXSS_DI33,备用,1,0,1,2012-12-3 21:37:14,0,33,,0,0,0,3,0,0,0,0,5,288,0,0
34,1,I11XXSS_DI34,备用,1,0,1,2012-12-3 21:37:14,0,34,,0,0,0,3,0,0,0,0,5,288,0,0
35,1,I22XXSS_DI34,备用,1,0,1,2015-7-18 15:16:19,0,35,,1,0,0,3,0,0,0,0,5,288,0,0
36,1,I22XXSS_DI34,备用,1,0,0,2015-7-18 15:16:19,0,36,,1,0,0,3,0,0,0,0,5,288,0,0
37,1,I22XXSS_DI34,备用,1,0,0,2015-7-18 15:16:19,0,37,,1,0,0,3,0,0,0,0,5,288,0,0
38,1,I22XXSS_DI34,备用,1,0,0,2015-7-18 15:16:19,0,38,,1,0,0,3,0,0,0,0,5,288,0,0
39,1,I22XXSS_DI34,备用,1,0,0,2015-7-18 15:16:19,0,39,,1,0,0,3,0,0,0,0,5,288,0,0
40,1,I22XXSS_DI34,备用,1,0,0,2015-7-18 15:16:19,0,40,,1,0,0,3,0,0,0,0,5,288,0,0
41,1,I22XXSS_DI34,备用,1,0,1,2015-7-18 15:16:19,0,41,,1,0,0,3,0,0,0,0,5,288,0,0
42,1,I22XXSS_DI34,备用,1,1,1,2015-7-18 15:16:19,0,42,,0,0,0,3,0,0,0,0,5,288,0,0
43,1,I22XXSS_DI34,备用,1,2,1,2015-7-18 15:16:19,0,43,,0,0,0,3,0,0,0,0,5,288,0,0
44,1,I22XXSS_DI34,备用,1,3,1,2015-7-18 15:16:19,0,44,,0,0,0,3,0,0,0,0,5,288,0,0
45,1,I22XXSS_DI34,备用,1,4,1,2015-7-18 15:16:19,0,45,,1,0,0,3,0,0,0,0,5,288,0,0
46,1,I22XXSS_DI34,备用,1,5,0,2015-7-18 15:16:19,0,46,,1,0,0,3,0,0,0,0,5,288,0,0
47,1,I22XXSS_DI34,备用,1,6,0,2015-7-18 15:16:19,0,47,,1,0,0,3,0,0,0,0,5,288,0,0
48,1,I22XXSS_DI34,备用,1,7,0,2015-7-18 15:16:19,0,48,,1,0,0,3,0,0,0,0,5,288,0,0
49,1,I22XXSS_DI34,备用,1,8,0,2015-7-18 15:16:19,0,49,,1,0,0,3,0,0,0,0,5,288,0,0
50,1,I22XXSS_DI34,备用,1,9,0,2015-7-18 15:16:19,0,50,,0,0,0,3,0,0,0,0,5,288,0,0
51,1,I22XXSS_DI34,逆变器1运行状态,1,10,1,2012-12-3 21:37:14,0,51,,0,0,0,3,0,0,0,0,5,288,0,0
52,1,I22XXSS_DI34,逆变器2运行状态,1,14,1,2012-12-3 21:37:14,0,52,,0,0,0,3,0,0,0,0,5,288,0,0
53,1,I22XXSS_DI34,逆变器3运行状态,1,15,1,2012-12-3 21:37:14,0,53,,0,0,0,3,0,0,0,0,5,288,0,0
54,1,I22XXSS_DI34,备用,1,2,1,2012-12-3 21:37:14,0,54,,0,0,0,3,0,0,0,0,5,288,0,0
55,1,I22XXSS_DI34,备用,1,3,1,2012-12-3 21:37:14,0,55,,0,0,0,3,0,0,0,0,5,288,0,0
56,1,I22XXSS_DI34,备用,1,4,0,2012-12-3 21:37:14,0,56,,0,0,0,3,0,0,0,0,5,288,0,0
57,1,I22XXSS_DI34,备用,1,5,1,2012-12-3 21:37:14,0,57,,0,0,0,3,0,0,0,0,5,288,0,0
58,1,I22XXSS_DI34,备用,1,6,1,2012-12-3 21:37:14,0,58,,0,0,0,3,0,0,0,0,5,288,0,0
59,1,I22XXSS_DI34,备用,1,7,1,2012-12-3 21:37:14,0,59,,0,0,0,3,0,0,0,0,5,288,0,0
60,1,I22XXSS_DI34,备用,1,8,0,2012-12-3 21:37:14,0,60,,0,0,0,3,0,0,0,0,5,288,0,0
61,1,I22XXSS_DI34,备用,1,9,0,2012-12-3 21:37:14,0,61,,0,0,0,3,0,0,0,0,5,288,0,0
62,1,I22XXSS_DI34,备用,1,10,0,2012-12-3 21:37:14,0,62,,0,0,0,3,0,0,0,0,5,288,0,0
63,1,I22XXSS_DI34,备用,1,11,0,2012-12-3 21:37:14,0,63,,0,0,0,3,0,0,0,0,5,288,0,0
64,1,I22XXSS_DI34,备用,1,0,1,2012-12-3 21:37:14,0,64,,0,0,0,3,0,0,0,0,5,288,0,0
65,1,I22XXSS_DI34,备用,1,0,1,2012-12-3 21:37:14,0,65,,0,0,0,3,0,0,0,0,5,288,0,0
66,1,I22XXSS_DI34,备用,1,0,0,2012-12-3 21:37:14,0,66,,0,0,0,3,0,0,0,0,5,288,0,0
67,1,virtual_yx_1,备用,1,0,0,2015-7-18 15:13:55,0,67,,1,0,0,3,0,0,0,0,5,288,0,0
68,1,virtual_yx_1,备用,1,0,0,2015-7-18 15:14:31,0,68,,0,0,0,3,0,0,0,0,5,288,0,0
69,1,virtual_yx_1,备用,1,0,0,2012-12-3 21:37:14,0,69,,0,0,0,3,0,0,0,0,5,288,0,0
70,1,virtual_yx_1,备用,1,0,0,2012-12-3 21:37:14,0,70,,0,0,0,3,0,0,0,0,5,288,0,0
71,1,virtual_yx_1,备用,1,0,0,2012-12-3 21:37:14,0,71,,0,0,0,3,0,0,0,0,5,288,0,0
72,1,virtual_yx_1,备用,1,0,1,2012-12-3 21:37:14,0,72,,0,0,0,3,0,0,0,0,5,288,0,0
73,1,virtual_yx_1,备用,1,0,1,2012-12-3 21:37:14,0,73,,0,0,0,3,0,0,0,0,5,288,0,0
74,1,virtual_yx_1,备用,1,0,1,2012-12-3 21:37:14,0,74,,0,0,0,3,0,0,0,0,5,288,0,0
75,1,virtual_yx_1,备用,1,0,1,2012-12-3 21:37:14,0,75,,0,0,0,3,0,0,0,0,5,288,0,0
76,1,virtual_yx_1,备用,1,0,0,2012-12-3 21:37:14,0,76,,0,0,0,3,0,0,0,0,5,288,0,0
77,1,virtual_yx_1,备用,1,0,0,2012-12-3 21:37:14,0,77,,0,0,0,3,0,0,0,0,5,288,0,0
78,1,virtual_yx_1,备用,1,0,0,2012-12-3 21:37:14,0,78,,0,0,0,3,0,0,0,0,5,288,0,0
79,1,virtual_yx_1,备用,1,0,0,2012-12-3 21:37:14,0,79,,0,0,0,3,0,0,0,0,5,288,0,0
80,1,virtual_yx_1,备用,1,0,0,2012-12-3 21:37:14,0,80,,0,0,0,3,0,0,0,0,5,288,0,0
81,3,virtual_yx_1,备用,1,1,1,2012-12-3 21:37:14,0,81,,0,0,0,3,0,0,0,0,5,288,0,0
82,3,virtual_yx_1,备用,1,2,1,2012-12-3 21:37:14,0,82,,0,0,0,3,0,0,0,0,5,288,0,0
83,3,virtual_yx_1,备用,1,3,1,2012-12-3 21:37:14,0,83,,0,0,0,3,0,0,0,0,5,288,0,0
84,3,virtual_yx_1,备用,1,4,1,2012-12-3 21:37:14,0,84,,0,0,0,3,0,0,0,0,5,288,0,0
85,3,virtual_yx_1,备用,1,5,1,2012-12-3 21:37:14,0,85,,0,0,0,3,0,0,0,0,5,288,0,0
86,3,virtual_yx_1,备用,1,6,0,2012-12-3 21:37:14,0,86,,0,0,0,3,0,0,0,0,5,288,0,0
87,3,virtual_yx_1,备用,1,7,1,2012-12-3 21:37:14,0,87,,0,0,0,3,0,0,0,0,5,288,0,0
88,3,virtual_yx_1,备用,1,8,1,2012-12-3 21:37:14,0,88,,0,0,0,3,0,0,0,0,5,288,0,0
89,3,virtual_yx_1,备用,1,9,1,2012-12-3 21:37:14,0,89,,0,0,0,3,0,0,0,0,5,288,0,0
90,1,virtual_yx_1,备用,1,4,0,2012-12-3 21:37:14,0,90,,0,0,0,3,0,0,0,0,5,288,0,0
91,1,virtual_yx_1,备用,1,0,1,2012-12-3 21:37:14,0,91,,0,0,0,3,0,0,0,0,5,288,0,0
92,1,virtual_yx_1,备用,1,1,1,2012-12-3 21:37:14,0,92,,0,0,0,3,0,0,0,0,5,288,0,0
93,1,virtual_yx_1,备用,1,2,1,2012-12-3 21:37:14,0,93,,0,0,0,3,0,0,0,0,5,288,0,0
94,1,virtual_yx_1,备用,1,3,1,2012-12-3 21:37:14,0,94,,0,0,0,3,0,0,0,0,5,288,0,0
95,1,virtual_yx_1,备用,1,4,1,2012-12-3 21:37:14,0,95,,0,0,0,3,0,0,0,0,5,288,0,0
96,1,virtual_yx_1,备用,1,5,0,2012-12-3 21:37:14,0,96,,0,0,0,3,0,0,0,0,5,288,0,0
97,1,virtual_yx_1,备用,1,6,0,2012-12-3 21:37:14,0,97,,0,0,0,3,0,0,0,0,5,288,0,0
98,1,virtual_yx_1,备用,1,7,0,2012-12-3 21:37:14,0,98,,0,0,0,3,0,0,0,0,5,288,0,0
99,1,virtual_yx_1,备用,1,8,0,2012-12-3 21:37:14,0,99,,0,0,0,3,0,0,0,0,5,288,0,0
100,1,virtual_yx_1,备用,1,9,0,2012-12-3 21:37:14,0,100,,0,0,0,3,0,0,0,0,5,288,0,0
101,1,virtual_yx_1,备用,1,10,1,2012-12-3 21:37:14,0,101,,0,0,0,3,0,0,0,0,5,288,0,0
102,1,virtual_yx_1,备用,1,11,1,2012-12-3 21:37:14,0,102,,0,0,0,3,0,0,0,0,5,288,0,0
103,1,virtual_yx_1,备用,1,12,1,2012-12-3 21:37:14,0,103,,0,0,0,3,0,0,0,0,5,288,0,0
104,1,virtual_yx_1,备用,1,13,1,2012-12-3 21:37:14,0,104,,0,0,0,3,0,0,0,0,5,288,0,0
105,1,virtual_yx_1,备用,1,14,1,2012-12-3 21:37:14,0,105,,0,0,0,3,0,0,0,0,5,288,0,0
106,1,virtual_yx_1,备用,1,15,0,2012-12-3 21:37:14,0,106,,0,0,0,3,0,0,0,0,5,288,0,0
107,1,virtual_yx_1,备用,1,16,0,2012-12-3 21:37:14,0,107,,0,0,0,3,0,0,0,0,5,288,0,0
108,1,virtual_yx_1,备用,1,17,0,2012-12-3 21:37:14,0,108,,0,0,0,3,0,0,0,0,5,288,0,0
109,1,virtual_yx_1,备用,1,18,0,2012-12-3 21:37:14,0,109,,0,0,0,3,0,0,0,0,5,288,0,0
110,1,virtual_yx_1,备用,1,19,0,2012-12-3 21:37:14,0,110,,0,0,0,3,0,0,0,0,5,288,0,0
111,1,virtual_yx_1,备用,1,4,1,2012-12-3 21:37:14,0,111,,0,0,0,3,0,0,0,0,5,288,0,0
112,1,virtual_yx_1,备用,1,9,1,2012-12-3 21:37:14,0,112,,0,0,0,3,0,0,0,0,5,288,0,0
113,1,virtual_yx_1,备用,1,40,1,2012-12-3 21:37:14,0,113,,0,0,0,3,0,0,0,0,5,288,0,0
114,1,virtual_yx_1,备用,1,45,1,2012-12-3 21:37:14,0,114,,0,0,0,3,0,0,0,0,5,288,0,0
115,1,virtual_yx_1,备用,1,4,1,2012-12-3 21:37:14,0,115,,0,0,0,3,0,0,0,0,5,288,0,0
116,1,virtual_yx_1,备用,1,9,0,2012-12-3 21:37:14,0,116,,0,0,0,3,0,0,0,0,5,288,0,0
117,1,virtual_yx_1,备用,1,40,0,2012-12-3 21:37:14,0,117,,0,0,0,3,0,0,0,0,5,288,0,0
118,1,virtual_yx_1,备用,1,45,0,2012-12-3 21:37:14,0,118,,0,0,0,3,0,0,0,0,5,288,0,0
119,1,virtual_yx_1,备用,1,4,0,2012-12-3 21:37:14,0,119,,0,0,0,3,0,0,0,0,5,288,0,0
120,1,virtual_yx_1,备用,1,9,0,2012-12-3 21:37:14,0,120,,0,0,0,3,0,0,0,0,5,288,0,0
121,5,virtual_yx_1,备用,1,1,1,2012-12-3 21:37:14,0,121,,0,0,0,3,0,0,0,0,5,288,0,0
122,5,virtual_yx_1,备用,1,2,1,2012-12-3 21:37:14,0,122,,0,0,0,3,0,0,0,0,5,288,0,0
123,5,virtual_yx_1,备用,1,3,1,2012-12-3 21:37:14,0,123,,0,0,0,3,0,0,0,0,5,288,0,0
124,5,virtual_yx_1,备用,1,4,1,2012-12-3 21:37:14,0,124,,0,0,0,3,0,0,0,0,5,288,0,0
125,5,I11XXSS_DI1,备用,1,5,1,2015-7-18 15:16:19,0,125,,1,0,0,3,0,0,0,0,5,288,0,0
126,5,I11XXSS_DI1,备用,1,6,1,2015-7-18 15:16:19,0,126,,1,0,0,3,0,0,0,0,5,288,0,0
127,5,I11XXSS_DI1,备用,1,7,1,2015-7-18 15:16:19,0,127,,1,0,0,3,0,0,0,0,5,288,0,0
128,5,I11XXSS_DI1,备用,1,8,1,2015-7-18 15:16:19,0,128,,1,0,0,3,0,0,0,0,5,288,0,0
129,5,I11XXSS_DI1,备用,1,9,1,2015-7-18 15:16:19,0,129,,1,0,0,3,0,0,0,0,5,288,0,0
130,5,I11XXSS_DI1,备用,1,10,1,2015-7-18 15:16:19,0,130,,1,0,0,3,0,0,0,0,5,288,0,0
131,6,I11XXSS_DI1,备用,1,1,1,2015-7-18 15:16:19,0,131,,1,0,0,3,0,0,0,0,5,288,0,0
132,6,I11XXSS_DI1,备用,1,2,1,2015-7-18 15:16:19,0,132,,1,0,0,3,0,0,0,0,5,288,0,0
133,6,I11XXSS_DI1,备用,1,3,1,2015-7-18 15:16:19,0,133,,1,0,0,3,0,0,0,0,5,288,0,0
134,6,I11XXSS_DI1,备用,1,4,1,2015-7-18 15:16:19,0,134,,1,0,0,3,0,0,0,0,5,288,0,0
135,6,I11XXSS_DI1,备用,1,5,1,2015-7-18 15:16:19,0,135,,1,0,0,3,0,0,0,0,5,288,0,0
136,6,I11XXSS_DI1,备用,1,6,1,2015-7-18 15:16:19,0,136,,1,0,0,3,0,0,0,0,5,288,0,0
137,6,I11XXSS_DI1,备用,1,7,1,2015-7-18 15:16:19,0,137,,1,0,0,3,0,0,0,0,5,288,0,0
138,6,I11XXSS_DI1,备用,1,8,1,2015-7-18 15:16:19,0,138,,1,0,0,3,0,0,0,0,5,288,0,0
139,6,I11XXSS_DI1,备用,1,9,1,2015-7-18 15:16:19,0,139,,1,0,0,3,0,0,0,0,5,288,0,0
140,6,I11XXSS_DI1,备用,1,10,1,2015-7-18 15:16:19,0,140,,1,0,0,3,0,0,0,0,5,288,0,0
141,15,I11XXSS_DI1,备用,1,1,1,2015-7-18 15:16:19,0,141,,1,0,0,3,0,0,0,0,5,288,0,0
142,15,I11XXSS_DI1,备用,1,1,2,2015-7-18 15:16:19,0,142,,1,0,0,3,0,0,0,0,5,288,0,0
143,15,I11XXSS_DI1,备用,1,1,3,2015-7-18 15:16:19,0,143,,1,0,0,3,0,0,0,0,5,288,0,0
144,15,I11XXSS_DI1,备用,1,1,4,2015-7-18 15:16:19,0,144,,1,0,0,3,0,0,0,0,5,288,0,0
145,15,I11XXSS_DI1,备用,1,1,5,2015-7-18 15:16:19,0,145,,1,0,0,3,0,0,0,0,5,288,0,0
146,15,I11XXSS_DI1,备用,1,1,6,2015-7-18 15:16:19,0,146,,1,0,0,3,0,0,0,0,5,288,0,0
147,15,I11XXSS_DI1,备用,1,1,7,2015-7-18 15:16:19,0,147,,1,0,0,3,0,0,0,0,5,288,0,0
148,15,I11XXSS_DI1,备用,1,1,8,2015-7-18 15:16:19,0,148,,1,0,0,3,0,0,0,0,5,288,0,0
149,15,I11XXSS_DI1,备用,1,1,9,2015-7-18 15:16:19,0,149,,1,0,0,3,0,0,0,0,5,288,0,0
150,4,I11XXSS_DI1,备用,1,2,0,2015-7-18 15:16:19,0,150,,1,0,21,3,0,0,0,0,5,288,0,0
151,4,I11XXSS_DI1,备用,1,3,0,2015-7-18 15:16:19,0,151,,1,0,22,3,0,0,0,0,5,288,0,0
152,4,I11XXSS_DI1,备用,1,4,0,2015-7-18 15:16:19,0,152,,1,0,0,3,0,0,0,0,5,288,0,0
153,4,I11XXSS_DI1,备用,1,5,0,2015-7-18 15:16:19,0,153,,1,0,0,3,0,0,0,0,5,288,0,0
154,4,I11XXSS_DI1,备用,1,6,0,2015-7-18 15:16:19,0,154,,1,0,0,3,0,0,0,0,5,288,0,0
155,4,I11XXSS_DI1,备用,1,7,0,2015-7-18 15:16:19,0,155,,1,0,0,3,0,0,0,0,5,288,0,0
156,4,I11XXSS_DI1,备用,1,8,0,2015-7-18 15:16:19,0,156,,1,0,0,3,0,0,0,0,5,288,0,0
157,4,I11XXSS_DI1,备用,1,9,0,2015-7-18 15:16:19,0,157,,1,0,0,3,0,0,0,0,5,288,0,0
158,4,I11XXSS_DI1,备用,1,10,0,2015-7-18 15:16:19,0,158,,1,0,0,3,0,0,0,0,5,288,0,0
159,4,I11XXSS_DI1,备用,1,11,0,2015-7-18 15:16:19,0,159,,1,0,0,3,0,0,0,0,5,288,0,0
160,4,I11XXSS_DI1,备用,1,12,0,2015-7-18 15:16:19,0,160,,1,0,0,3,0,0,0,0,5,288,0,0

