ID32,uTuID,strID,strName,lDPUID,iNoInDPU,fVal,iUnit,tSnapTime,iQuality,iIndex,FormulaID32,iZfID,iType,iDataType,fRaw,fCoeff,fOffset,lFlag,fLowL,fHighL,fLowL2,fHighL2,fDeadSec,fValidLL,fValidHL,fDayMaxV,fDayMinV,fDayAveV,tDayMaxTime,tDayMinTime,iAlmClass,iAlmClass2,dvtype,dvno,lDynaFlag,iSavePeriod
1,1,null,备用,1,0,0.000000,2,2015-7-18 15:16:0,0,0,0,0,1,0,0.000000,1,0.000000,3,0.000000,0.000000,0.000000,0.000000,0.000000,0.000000,0.000000,117177.734375,-117177.734375,-1058.992310,2015-7-16 10:45:0,2015-7-15 21:35:0,7,6,0,0,256,1
2,1,null,AGC数据定义-AGC远方计划值,1,0,7.000000,2,2015-7-18 15:16:0,0,1,0,0,1,0,0.000000,1,0.000000,3,0.000000,0.000000,0.000000,0.000000,0.000000,0.000000,0.000000,117177.734375,-117177.734375,-1058.992310,2015-7-16 10:45:0,2015-7-15 21:35:0,7,6,0,0,256,1
3,1,null,AGC数据定义-AGC本地计划值,1,0,2.000000,2,2015-7-18 15:16:0,0,2,0,0,1,0,0.000000,1,0.000000,3,0.000000,0.000000,0.000000,0.000000,0.000000,0.000000,0.000000,117177.734375,-117177.734375,-1058.992310,2015-7-16 10:45:0,2015-7-15 21:35:0,7,6,0,0,256,1
4,1,null,AGC数据定义-AGC实时目标值,1,0,2.000000,2,2015-7-18 15:16:0,0,3,0,0,1,0,0.000000,1,0.000000,3,0.000000,0.000000,0.000000,0.000000,0.000000,0.000000,0.000000,117177.734375,-117177.734375,-1058.992310,2015-7-16 10:45:0,2015-7-15 21:35:0,7,6,0,0,256,1
5,1,null,AGC数据定义-AGC调节范围上限值,1,0,10.000000,2,2015-7-18 15:16:0,0,4,0,0,1,0,0.000000,1,0.000000,3,0.000000,0.000000,0.000000,0.000000,0.000000,0.000000,0.000000,117177.734375,-117177.734375,-1058.992310,2015-7-16 10:45:0,2015-7-15 21:35:0,7,6,0,0,256,1
6,1,null,AGC数据定义-AGC调节范围下限值,1,0,0.000000,2,2015-7-18 15:16:0,0,5,0,0,1,0,0.000000,1,0.000000,3,0.000000,0.000000,0.000000,0.000000,0.000000,0.000000,0.000000,117177.734375,-117177.734375,-1058.992310,2015-7-16 10:45:0,2015-7-15 21:35:0,7,6,0,0,256,1
7,1,null,AGC数据定义-调节死区遥测索引,1,0,200.000000,1,2015-7-18 15:16:0,0,6,0,0,1,0,0.000000,1,0.000000,3,0.000000,0.000000,0.000000,0.000000,0.000000,0.000000,0.000000,117177.734375,-117177.734375,-1058.992310,2015-7-16 10:45:0,2015-7-15 21:35:0,7,6,0,0,256,1
8,1,null,AGC数据定义-站内损耗遥测索引,1,0,-50.000000,1,2015-7-18 15:16:0,0,7,0,0,1,0,0.000000,1,0.000000,3,0.000000,0.000000,0.000000,0.000000,0.000000,0.000000,0.000000,117177.734375,-117177.734375,-1058.992310,2015-7-16 10:45:0,2015-7-15 21:35:0,7,6,0,0,256,1
9,1,null,AGC数据定义-1Min变化率遥测索引,1,0,1000.000000,1,2015-7-18 15:16:0,0,8,0,0,1,0,0.000000,1,0.000000,3,0.000000,0.000000,0.000000,0.000000,0.000000,0.000000,0.000000,117177.734375,-117177.734375,-1058.992310,2015-7-16 10:45:0,2015-7-15 21:35:0,7,6,0,0,256,1
10,1,null,AGC数据定义-10min变化率遥测索引,1,0,4000.000000,1,2015-7-18 15:16:0,0,9,0,0,1,0,0.000000,1,0.000000,3,0.000000,0.000000,0.000000,0.000000,0.000000,0.000000,0.000000,117177.734375,-117177.734375,-1058.992310,2015-7-16 10:45:0,2015-7-15 21:35:0,7,6,0,0,256,1
11,1,null,AGC数据定义-与主站通道断开后多久报警(单位秒),1,0,30.000000,1,2015-7-18 15:16:0,0,10,0,0,1,0,0.000000,1,0.000000,3,0.000000,0.000000,0.000000,0.000000,0.000000,0.000000,0.000000,117177.734375,-117177.734375,-1058.992310,2015-7-16 10:45:0,2015-7-15 21:35:0,7,6,0,0,256,1
12,1,null,AGC数据定义-装机容量,1,0,10,2,2015-7-18 15:16:0,0,11,0,0,1,0,0.000000,1,0.000000,3,0.000000,0.000000,0.000000,0.000000,0.000000,0.000000,0.000000,117177.734375,-117177.734375,-1058.992310,2015-7-16 10:45:0,2015-7-15 21:35:0,7,6,0,0,256,1
13,1,null,逆变器有功总和,1,0,1.000000,1,2015-7-18 15:16:0,0,12,0,0,1,0,0.000000,1,0.000000,3,0.000000,0.000000,0.000000,0.000000,0.000000,0.000000,0.000000,117177.734375,-117177.734375,-1058.992310,2015-7-16 10:45:0,2015-7-15 21:35:0,7,6,0,0,256,1
14,1,null,逆变器开机台数,1,0,1.000000,0,2015-7-18 15:16:0,0,13,0,0,1,0,0.000000,1,0.000000,3,0.000000,0.000000,0.000000,0.000000,0.000000,0.000000,0.000000,117177.734375,-117177.734375,-1058.992310,2015-7-16 10:45:0,2015-7-15 21:35:0,7,6,0,0,256,1
15,1,null,逆变器开机容量,1,0,1.000000,1,2015-7-18 15:16:0,0,14,0,0,1,0,0.000000,1,0.000000,3,0.000000,0.000000,0.000000,0.000000,0.000000,0.000000,0.000000,117177.734375,-117177.734375,-1058.992310,2015-7-16 10:45:0,2015-7-15 21:35:0,7,6,0,0,256,1
16,1,null,逆变器总无功目标设定(关联遥调),1,0,1.000000,4,2015-7-18 15:16:0,0,15,0,0,1,0,0.000000,1,0.000000,3,0.000000,0.000000,0.000000,0.000000,0.000000,0.000000,0.000000,117177.734375,-117177.734375,-1058.992310,2015-7-16 10:45:0,2015-7-15 21:35:0,7,6,0,0,256,1
17,1,null,逆变器总无功目标模拟(关联遥调),1,0,1.000000,4,2015-7-18 15:16:0,0,16,0,0,1,0,0.000000,1,0.000000,3,0.000000,0.000000,0.000000,0.000000,0.000000,0.000000,0.000000,117177.734375,-117177.734375,-1058.992310,2015-7-16 10:45:0,2015-7-15 21:35:0,7,6,0,0,256,1
18,1,null,备用,1,0,1.000000,6,2015-7-18 15:16:0,0,17,0,0,1,0,0.000000,1,0.000000,3,0.000000,0.000000,0.000000,0.000000,0.000000,0.000000,0.000000,117177.734375,-117177.734375,-1058.992310,2015-7-16 10:45:0,2015-7-15 21:35:0,7,6,0,0,256,1
19,1,null,备用,1,0,39.000000,6,2015-7-18 15:16:0,0,18,0,0,1,0,0.000000,1,0.000000,3,0.000000,0.000000,0.000000,0.000000,0.000000,0.000000,0.000000,117177.734375,-117177.734375,-1058.992310,2015-7-16 10:45:0,2015-7-15 21:35:0,7,6,0,0,256,1
20,1,null,备用,1,0,32.000000,6,2015-7-18 15:16:0,0,19,0,0,1,0,0.000000,1,0.000000,3,0.000000,0.000000,0.000000,0.000000,0.000000,0.000000,0.000000,117177.734375,-117177.734375,-1058.992310,2015-7-16 10:45:0,2015-7-15 21:35:0,7,6,0,0,256,1
21,1,null,备用,1,0,1.000000,6,2015-7-18 15:16:0,0,20,0,0,1,0,0.000000,1,0.000000,3,0.000000,0.000000,0.000000,0.000000,0.000000,0.000000,0.000000,117177.734375,-117177.734375,-1058.992310,2015-7-16 10:45:0,2015-7-15 21:35:0,7,6,0,0,256,1
22,1,null,备用,1,0,1.000000,6,2015-7-18 15:16:0,0,21,0,0,1,0,0.000000,1,0.000000,3,0.000000,0.000000,0.000000,0.000000,0.000000,0.000000,0.000000,117177.734375,-117177.734375,-1058.992310,2015-7-16 10:45:0,2015-7-15 21:35:0,7,6,0,0,256,1
23,1,null,备用,1,0,1.000000,3,2015-7-18 15:16:0,0,22,0,0,2,0,0.000000,1,0.000000,3,0.000000,0.000000,0.000000,0.000000,0.000000,0.000000,0.000000,994.994934,-999.206543,-297.763763,2015-7-16 17:51:0,2015-7-16 18:30:0,7,6,0,0,256,1
24,1,null,备用,1,0,5000.000000,3,2015-7-18 15:16:0,0,23,0,0,2,0,0.000000,1,0.000000,3,0.000000,0.000000,0.000000,0.000000,0.000000,0.000000,0.000000,1000.000000,-994.262512,-20.723387,2015-7-16 18:29:0,2015-7-16 18:30:0,7,6,0,0,256,1
25,1,null,备用,1,0,1.000000,3,2015-7-18 15:16:0,0,24,0,0,0,0,0.000000,1,0.000000,3,0.000000,0.000000,0.000000,0.000000,0.000000,0.000000,0.000000,999.755859,-999.816895,180.334290,2015-7-16 18:28:0,2015-7-16 18:19:0,7,6,0,0,256,1
26,1,null,备用,1,0,1.000000,3,2015-7-18 15:16:0,0,25,0,0,4,0,0.000000,1,0.000000,3,0.000000,0.000000,0.000000,0.000000,0.000000,0.000000,0.000000,1218175.375000,-1218394.750000,6007.022461,2015-7-15 21:38:0,2015-7-15 21:40:0,7,6,0,0,256,1
27,1,null,备用,1,0,1.000000,1,2015-7-18 15:16:0,0,26,0,0,0,0,0.000000,1,0.000000,3,0.000000,0.000000,0.000000,0.000000,0.000000,0.000000,0.000000,1218394.750000,-1218394.750000,-28608.857422,2015-7-15 19:25:0,2015-7-15 19:37:0,7,6,0,0,256,1
28,1,null,备用,1,0,1.000000,1,2015-7-18 15:16:0,0,27,0,0,0,0,0.000000,1,0.000000,3,0.000000,0.000000,0.000000,0.000000,0.000000,0.000000,0.000000,997.558533,-995.971558,154.223618,2015-7-16 18:23:0,2015-7-16 18:21:0,7,6,0,0,256,1
29,1,null,备用,1,0,1.000000,1,2015-7-18 15:16:0,0,28,0,0,2,0,0.000000,1,0.000000,3,0.000000,0.000000,0.000000,0.000000,0.000000,0.000000,0.000000,998.901306,-999.145508,-55.327763,2015-7-16 18:21:0,2015-7-16 18:4:0,7,6,0,0,0,1
30,1,null,备用,1,0,1.000000,1,2015-7-18 15:16:0,0,29,6,0,2,0,0.000000,1,0.000000,3,0.000000,0.000000,0.000000,0.000000,0.000000,0.000000,0.000000,996.276733,-998.474060,209.403214,2015-7-16 18:19:0,2015-7-16 18:31:0,7,6,0,0,0,1
31,1,null,备用,1,0,39.5,6,2015-7-18 15:16:0,0,30,6,0,2,0,0.000000,1,0.000000,3,0.000000,0.000000,0.000000,0.000000,0.000000,0.000000,0.000000,995.483276,-996.948120,-63.452015,2015-7-16 18:31:0,2015-7-16 18:29:0,7,6,0,0,0,1
32,1,null,备用,1,0,32,6,2015-7-18 15:16:0,0,31,0,0,2,0,0.000000,1,0.000000,3,0.000000,0.000000,0.000000,0.000000,0.000000,0.000000,0.000000,1000.000000,-999.023438,-228.893768,2015-7-16 18:21:0,2015-7-16 18:29:0,7,6,0,0,0,1
33,1,null,备用,1,1,39.000000,6,2015-7-18 15:16:0,0,32,0,0,2,0,0.000000,1,0.000000,3,0.000000,0.000000,0.000000,0.000000,0.000000,0.000000,0.000000,999.450684,-998.596130,-15.351660,2015-7-16 18:28:0,2015-7-16 17:50:0,7,6,0,0,0,1
34,1,null,备用,1,2,32.000000,6,2015-7-18 15:16:0,0,33,0,0,2,0,0.000000,1,0.000000,3,0.000000,0.000000,0.000000,0.000000,0.000000,0.000000,0.000000,998.229919,-997.009216,-177.805069,2015-7-16 17:23:0,2015-7-16 18:30:0,7,6,0,0,0,1
35,1,null,备用,1,3,8000,6,2015-7-18 15:16:0,0,34,0,0,2,0,0.000000,1,0.000000,3,0.000000,0.000000,0.000000,0.000000,0.000000,0.000000,0.000000,999.938965,-997.070251,-43.033295,2015-7-16 18:31:0,2015-7-16 18:30:0,7,6,0,0,0,1
36,1,null,备用,1,4,100,6,2015-7-18 15:16:0,0,35,0,0,0,0,0.000000,1,0.000000,3,0.000000,0.000000,0.000000,0.000000,0.000000,0.000000,0.000000,995.971558,-998.046814,204.404221,2015-7-16 18:4:0,2015-7-16 18:31:0,7,6,0,0,0,1
37,1,null,备用,1,5,3000.000000,3,2015-7-18 15:16:0,0,36,0,0,1,0,0.000000,1,0.000000,3,0.000000,0.000000,0.000000,0.000000,0.000000,0.000000,0.000000,117177.734375,-117177.734375,15408.794922,2015-7-16 10:45:0,2015-7-15 21:35:0,7,6,0,0,256,1
38,1,null,备用,1,6,300.000000,3,2015-7-18 15:16:0,0,37,0,0,1,0,0.000000,1,0.000000,3,0.000000,0.000000,0.000000,0.000000,0.000000,0.000000,0.000000,117177.734375,-117177.734375,-49388.105469,2015-7-16 10:45:0,2015-7-15 21:35:0,7,6,0,0,256,1
39,1,null,备用,1,7,9000.000000,3,2015-7-18 15:16:0,0,38,0,0,1,0,0.000000,1,0.000000,3,0.000000,0.000000,0.000000,0.000000,0.000000,0.000000,0.000000,117177.734375,-117177.734375,-28177.740234,2015-7-16 10:45:0,2015-7-15 21:35:0,7,6,0,0,256,1
40,1,null,备用,1,8,-9000.000000,3,2015-7-18 15:16:0,0,39,7,0,1,0,0.000000,1,0.000000,3,0.000000,0.000000,0.000000,0.000000,0.000000,0.000000,0.000000,117177.734375,-117177.734375,-68865.015625,2015-7-16 10:45:0,2015-7-15 21:35:0,7,6,0,0,256,1
41,1,null,备用,1,34,1.000000,0,2015-7-18 15:16:0,0,40,7,0,1,0,0.000000,1,0.000000,3,0.000000,0.000000,0.000000,0.000000,0.000000,0.000000,0.000000,117177.734375,-117177.734375,-25894.955078,2015-7-16 10:45:0,2015-7-15 21:35:0,7,6,0,0,256,1
42,1,null,备用,1,35,20.000000,3,2015-7-18 15:16:0,0,41,3,0,1,0,0.000000,1,0.000000,3,0.000000,0.000000,0.000000,0.000000,0.000000,0.000000,0.000000,117177.734375,-117177.734375,13241.981445,2015-7-16 10:45:0,2015-7-15 21:35:0,7,6,0,0,256,1
43,1,null,备用,1,36,0.000000,0,2015-7-18 15:16:0,0,42,0,0,1,0,0.000000,1,0.000000,3,0.000000,0.000000,0.000000,0.000000,0.000000,0.000000,0.000000,117177.734375,-117177.734375,99414.046875,2015-7-16 10:45:0,2015-7-15 21:35:0,7,6,0,0,256,1
44,1,null,备用,1,37,20.000000,3,2015-7-18 15:16:0,0,43,0,0,1,0,0.000000,1,0.000000,3,0.000000,0.000000,0.000000,0.000000,0.000000,0.000000,0.000000,117177.734375,-117177.734375,7016.205566,2015-7-16 10:45:0,2015-7-15 21:35:0,7,6,0,0,256,1
45,1,null,备用,1,38,4000.000000,3,2015-7-18 15:16:0,0,44,0,0,1,0,0.000000,1,0.000000,3,0.000000,0.000000,0.000000,0.000000,0.000000,0.000000,0.000000,117177.734375,-117177.734375,-44706.562500,2015-7-16 10:45:0,2015-7-15 21:35:0,7,6,0,0,256,1
46,1,null,备用,1,34,-4000.000000,3,2015-7-18 15:16:0,0,45,0,0,1,0,0.000000,1,0.000000,3,0.000000,0.000000,0.000000,0.000000,0.000000,0.000000,0.000000,117177.734375,-117177.734375,88897.359375,2015-7-16 10:45:0,2015-7-15 21:35:0,7,6,0,0,256,1
47,1,null,备用,1,0,4000.000000,3,2015-7-18 15:16:0,0,46,0,0,1,0,0.000000,1,0.000000,3,0.000000,0.000000,0.000000,0.000000,0.000000,0.000000,0.000000,117177.734375,-117177.734375,77684.859375,2015-7-16 10:45:0,2015-7-15 21:35:0,7,6,0,0,256,1
48,1,null,备用,1,0,4000.000000,3,2015-7-18 15:16:0,0,47,0,0,1,0,0.000000,1,0.000000,3,0.000000,0.000000,0.000000,0.000000,0.000000,0.000000,0.000000,117177.734375,-117177.734375,67839.593750,2015-7-16 10:45:0,2015-7-15 21:35:0,7,6,0,0,256,1
49,1,null,备用,1,42,5000.000000,3,2015-7-18 15:16:0,0,48,0,0,1,0,0.000000,1,0.000000,3,0.000000,0.000000,0.000000,0.000000,0.000000,0.000000,0.000000,117177.734375,-117177.734375,-48075.808594,2015-7-16 10:45:0,2015-7-15 21:35:0,7,6,0,0,256,1
50,1,null,备用,1,43,4468.000000,3,2015-7-18 15:16:0,0,49,0,0,1,0,0.000000,1,0.000000,3,0.000000,0.000000,0.000000,0.000000,0.000000,0.000000,0.000000,117177.734375,-117177.734375,63658.558594,2015-7-16 10:45:0,2015-7-15 21:35:0,7,6,0,0,256,1
51,2,储能,运行状态,1,12489,5532.000000,3,2015-7-18 15:16:0,0,50,0,0,1,0,0.000000,1,0.000000,3,0.000000,0.000000,0.000000,0.000000,0.000000,0.000000,0.000000,117177.734375,-117177.734375,-46446.117188,2015-7-16 10:45:0,2015-7-15 21:35:0,7,6,0,0,256,1
52,2,储能,故障类型,1,12490,532.000000,3,2015-7-18 15:16:0,0,51,0,0,1,0,0.000000,1,0.000000,3,0.000000,0.000000,0.000000,0.000000,0.000000,0.000000,0.000000,117177.734375,-117177.734375,-42667.929688,2015-7-16 10:45:0,2015-7-15 21:35:0,7,6,0,0,256,1
53,2,储能,机柜温度,1,12491,1.000000,3,2015-7-18 15:16:0,0,52,0,0,1,0,0.000000,1,0.000000,3,0.000000,0.000000,0.000000,0.000000,0.000000,0.000000,0.000000,117177.734375,-117177.734375,-20615.251953,2015-7-16 10:45:0,2015-7-15 21:35:0,7,6,0,0,256,1
54,2,储能,直流母线电压,1,12492,7731.997070,3,2015-7-18 15:16:0,0,53,0,0,1,0,0.000000,1,0.000000,3,0.000000,0.000000,0.000000,0.000000,0.000000,0.000000,0.000000,117177.734375,-117177.734375,-48368.785156,2015-7-16 10:45:0,2015-7-15 21:35:0,7,6,0,0,256,1
55,2,储能,直流断路器状态,1,12493,7199.997070,3,2015-7-18 15:16:0,0,54,0,0,1,0,0.000000,1,0.000000,3,0.000000,0.000000,0.000000,0.000000,0.000000,0.000000,0.000000,117177.734375,-117177.734375,3946.043457,2015-7-16 10:45:0,2015-7-15 21:35:0,7,6,0,0,256,1
56,2,储能,交流断路器状态 ,1,12494,1.000000,6,2015-7-18 15:16:0,0,55,0,0,1,0,0.000000,1,0.000000,3,0.000000,0.000000,0.000000,0.000000,0.000000,0.000000,0.000000,117177.734375,-117177.734375,-12985.625977,2015-7-16 10:45:0,2015-7-15 21:35:0,7,6,0,0,256,1
57,2,储能,交流电压,1,12495,1.000000,6,2015-7-18 15:16:0,0,56,0,0,1,0,0.000000,1,0.000000,3,0.000000,0.000000,0.000000,0.000000,0.000000,0.000000,0.000000,117177.734375,-117177.734375,-23709.830078,2015-7-16 10:45:0,2015-7-15 21:35:0,7,6,0,0,256,1
58,2,储能,交流电流,1,12496,1.000000,0,2015-7-18 15:16:0,0,57,0,0,1,0,0.000000,1,0.000000,3,0.000000,0.000000,0.000000,0.000000,0.000000,0.000000,0.000000,117177.734375,-117177.734375,17526.781250,2015-7-16 10:45:0,2015-7-15 21:35:0,7,6,0,0,256,1
59,2,储能,实时有功,1,12497,1.000000,3,2015-7-18 15:16:0,0,58,0,0,1,0,0.000000,1,0.000000,3,0.000000,0.000000,0.000000,0.000000,0.000000,0.000000,0.000000,117177.734375,-117177.734375,93053.984375,2015-7-16 10:45:0,2015-7-15 21:35:0,7,6,0,0,256,1
60,2,储能,实时无功,1,12498,1.000000,6,2015-7-18 15:16:0,0,59,0,0,1,0,0.000000,1,0.000000,3,0.000000,0.000000,0.000000,0.000000,0.000000,0.000000,0.000000,117177.734375,-117177.734375,89403.976563,2015-7-16 10:45:0,2015-7-15 21:35:0,7,6,0,0,256,1
61,2,储能,视在功率,1,12499,35.000000,6,2015-7-18 15:16:0,0,60,0,0,1,0,0.000000,1,0.000000,3,0.000000,0.000000,0.000000,0.000000,0.000000,0.000000,0.000000,117177.734375,-117177.734375,69768.367188,2015-7-16 10:45:0,2015-7-15 21:35:0,7,6,0,0,256,1
62,2,储能,功率因数 ,1,12500,36.799999,6,2015-7-18 15:16:0,0,61,0,0,1,0,0.000000,1,0.000000,3,0.000000,0.000000,0.000000,0.000000,0.000000,0.000000,0.000000,117177.734375,-117177.734375,5868.708984,2015-7-16 10:45:0,2015-7-15 21:35:0,7,6,0,0,256,1
63,2,储能,频率,1,12501,4000,3,2015-7-18 15:16:0,0,62,0,0,1,0,0.000000,1,0.000000,3,0.000000,0.000000,0.000000,0.000000,0.000000,0.000000,0.000000,117177.734375,-117177.734375,-90356.156250,2015-7-16 10:45:0,2015-7-15 21:35:0,7,6,0,0,256,1
64,2,储能,电堆状态 ,1,12502,4000.000000,3,2015-7-18 15:16:0,0,63,0,0,1,0,0.000000,1,0.000000,3,0.000000,0.000000,0.000000,0.000000,0.000000,0.000000,0.000000,117177.734375,-117177.734375,-68926.054688,2015-7-16 10:45:0,2015-7-15 21:35:0,7,6,0,0,256,1
65,2,储能,电堆电压 ,1,12503,8468.000000,1,2015-7-18 15:16:0,0,64,0,0,1,0,0.000000,1,0.000000,3,0.000000,0.000000,0.000000,0.000000,0.000000,0.000000,0.000000,117177.734375,-117177.734375,-38621.171875,2015-7-16 10:45:0,2015-7-15 21:35:0,7,6,0,0,256,1
66,2,储能,电堆电流 ,1,12504,9532.000000,6,2015-7-18 15:16:0,0,65,0,0,1,0,0.000000,1,0.000000,3,0.000000,0.000000,0.000000,0.000000,0.000000,0.000000,0.000000,117177.734375,-117177.734375,8120.975586,2015-7-16 10:45:0,2015-7-15 21:35:0,7,6,0,0,256,1
67,2,储能,电堆SOC,1,12505,1.000000,3,2015-7-18 15:16:0,0,66,0,0,1,0,0.000000,1,0.000000,3,0.000000,0.000000,0.000000,0.000000,0.000000,0.000000,0.000000,117177.734375,-117177.734375,90777.304688,2015-7-16 10:45:0,2015-7-15 21:35:0,7,6,0,0,256,1
68,2,储能,单元最大电压1 ,1,12506,35.000000,0,2015-7-18 15:16:0,0,67,0,0,1,0,0.000000,1,0.000000,3,0.000000,0.000000,0.000000,0.000000,0.000000,0.000000,0.000000,117177.734375,-117177.734375,-33353.679688,2015-7-16 10:45:0,2015-7-15 21:35:0,7,6,0,0,256,1
69,2,储能,单元最小电压1 ,1,12507,37,6,2015-7-18 15:16:0,0,68,0,0,1,0,0.000000,1,0.000000,3,0.000000,0.000000,0.000000,0.000000,0.000000,0.000000,0.000000,117177.734375,-117177.734375,90081.484375,2015-7-16 10:45:0,2015-7-15 21:35:0,7,6,0,0,256,1
70,2,储能,单元最高温度1 ,1,12510,1.000000,3,2015-7-18 15:16:0,0,69,0,0,1,0,0.000000,1,0.000000,3,0.000000,0.000000,0.000000,0.000000,0.000000,0.000000,0.000000,117177.734375,-117177.734375,-1058.992310,2015-7-16 10:45:0,2015-7-15 21:35:0,7,6,0,0,256,1
71,3,储能,单元最低温度1 ,1,12511,1.000000,1,2015-7-18 15:16:0,0,70,0,0,1,0,0.000000,1,0.000000,3,0.000000,0.000000,0.000000,0.000000,0.000000,0.000000,0.000000,117177.734375,-117177.734375,-1058.992310,2015-7-16 10:45:0,2015-7-15 21:35:0,7,6,0,0,256,1
72,3,储能,单元平均温度1 ,1,12512,92.000000,0,2015-7-18 15:16:0,0,71,0,0,1,0,0.000000,1,0.000000,3,0.000000,0.000000,0.000000,0.000000,0.000000,0.000000,0.000000,117177.734375,-117177.734375,-1058.992310,2015-7-16 10:45:0,2015-7-15 21:35:0,7,6,0,0,256,1
73,3,储能,有功功率给定(kW) ,1,12525,0.000000,3,2015-7-18 15:16:0,0,72,0,0,1,0,0.000000,1,0.000000,3,0.000000,0.000000,0.000000,0.000000,0.000000,0.000000,0.000000,117177.734375,-117177.734375,-1058.992310,2015-7-16 10:45:0,2015-7-15 21:35:0,7,6,0,0,256,1
74,3,储能,开关机,1,12522,0.000000,5,2015-7-18 15:16:0,0,73,0,0,1,0,0.000000,1,0.000000,3,0.000000,0.000000,0.000000,0.000000,0.000000,0.000000,0.000000,117177.734375,-117177.734375,-1058.992310,2015-7-16 10:45:0,2015-7-15 21:35:0,7,6,0,0,256,1
75,3,储能,充电时间段1起始(小时) ,1,12849,92.000000,0,2015-7-18 15:16:0,0,74,0,0,1,0,0.000000,1,0.000000,3,0.000000,0.000000,0.000000,0.000000,0.000000,0.000000,0.000000,117177.734375,-117177.734375,-1058.992310,2015-7-16 10:45:0,2015-7-15 21:35:0,7,6,0,0,256,1
76,3,储能,充电时间段1结束(小时) ,1,12851,92.000000,0,2015-7-18 15:16:0,0,75,0,0,1,0,0.000000,1,0.000000,3,0.000000,0.000000,0.000000,0.000000,0.000000,0.000000,0.000000,117177.734375,-117177.734375,-1058.992310,2015-7-16 10:45:0,2015-7-15 21:35:0,7,6,0,0,256,1
77,3,储能,充电时间段1起始(分钟) ,1,12850,0.000000,0,2015-7-18 15:16:0,0,76,0,0,1,0,0.000000,1,0.000000,3,0.000000,0.000000,0.000000,0.000000,0.000000,0.000000,0.000000,117177.734375,-117177.734375,-1058.992310,2015-7-16 10:45:0,2015-7-15 21:35:0,7,6,0,0,256,1
78,3,储能,充电时间段1结束(分钟) ,1,12852,0.000000,5,2015-7-18 15:16:0,0,77,0,0,1,0,0.000000,1,0.000000,3,0.000000,0.000000,0.000000,0.000000,0.000000,0.000000,0.000000,117177.734375,-117177.734375,-1058.992310,2015-7-16 10:45:0,2015-7-15 21:35:0,7,6,0,0,256,1
79,3,储能,充电时间段2起始(小时) ,1,12853,92.000000,5,2015-7-18 15:16:0,0,78,0,0,1,0,0.000000,1,0.000000,3,0.000000,0.000000,0.000000,0.000000,0.000000,0.000000,0.000000,117177.734375,-117177.734375,-1058.992310,2015-7-16 10:45:0,2015-7-15 21:35:0,7,6,0,0,256,1
80,3,储能,充电时间段2结束(小时) ,1,12855,0.000000,7,2015-7-18 15:16:0,0,79,0,0,1,0,0.000000,1,0.000000,3,0.000000,0.000000,0.000000,0.000000,0.000000,0.000000,0.000000,117177.734375,-117177.734375,-1058.992310,2015-7-16 10:45:0,2015-7-15 21:35:0,7,6,0,0,256,1
81,3,储能,充电时间段2起始(分钟) ,1,12854,0.000000,1,2015-7-18 15:16:0,0,80,0,0,1,0,0.000000,1,0.000000,3,0.000000,0.000000,0.000000,0.000000,0.000000,0.000000,0.000000,117177.734375,-117177.734375,-1058.992310,2015-7-16 10:45:0,2015-7-15 21:35:0,7,6,0,0,256,1
82,3,储能,充电时间段2结束(分钟) ,1,12856,92.000000,3,2015-7-18 15:16:0,0,81,0,0,1,0,0.000000,1,0.000000,3,0.000000,0.000000,0.000000,0.000000,0.000000,0.000000,0.000000,117177.734375,-117177.734375,-1058.992310,2015-7-16 10:45:0,2015-7-15 21:35:0,7,6,0,0,256,1
83,3,储能,放电时间段1起始(小时) ,1,12857,0.000000,0,2015-7-18 15:16:0,0,82,0,0,1,0,0.000000,1,0.000000,3,0.000000,0.000000,0.000000,0.000000,0.000000,0.000000,0.000000,117177.734375,-117177.734375,-1058.992310,2015-7-16 10:45:0,2015-7-15 21:35:0,7,6,0,0,256,1
84,3,储能,放电时间段1结束(小时) ,1,12859,0.000000,0,2015-7-18 15:16:0,0,83,0,0,1,0,0.000000,1,0.000000,3,0.000000,0.000000,0.000000,0.000000,0.000000,0.000000,0.000000,117177.734375,-117177.734375,-1058.992310,2015-7-16 10:45:0,2015-7-15 21:35:0,7,6,0,0,256,1
85,3,储能,放电时间段1起始(分钟) ,1,12858,92.000000,0,2015-7-18 15:16:0,0,84,0,0,1,0,0.000000,1,0.000000,3,0.000000,0.000000,0.000000,0.000000,0.000000,0.000000,0.000000,117177.734375,-117177.734375,-1058.992310,2015-7-16 10:45:0,2015-7-15 21:35:0,7,6,0,0,256,1
86,3,储能,放电时间段1结束(分钟) ,1,12860,0.000000,6,2015-7-18 15:16:0,0,85,0,0,1,0,0.000000,1,0.000000,3,0.000000,0.000000,0.000000,0.000000,0.000000,0.000000,0.000000,117177.734375,-117177.734375,-1058.992310,2015-7-16 10:45:0,2015-7-15 21:35:0,7,6,0,0,256,1
87,3,储能,放电时间段2起始(小时) ,1,12861,0.000000,5,2015-7-18 15:16:0,0,86,0,0,1,0,0.000000,1,0.000000,3,0.000000,0.000000,0.000000,0.000000,0.000000,0.000000,0.000000,117177.734375,-117177.734375,-1058.992310,2015-7-16 10:45:0,2015-7-15 21:35:0,7,6,0,0,256,1
88,3,储能,放电时间段2结束(小时) ,1,12863,92.000000,3,2015-7-18 15:16:0,0,87,0,0,1,0,0.000000,1,0.000000,3,0.000000,0.000000,0.000000,0.000000,0.000000,0.000000,0.000000,117177.734375,-117177.734375,-1058.992310,2015-7-16 10:45:0,2015-7-15 21:35:0,7,6,0,0,256,1
89,3,储能,放电时间段2起始(分钟) ,1,12862,0.000000,3,2015-7-18 15:16:0,0,88,0,0,1,0,0.000000,1,0.000000,3,0.000000,0.000000,0.000000,0.000000,0.000000,0.000000,0.000000,117177.734375,-117177.734375,-1058.992310,2015-7-16 10:45:0,2015-7-15 21:35:0,7,6,0,0,256,1
90,3,储能,放电时间段2结束(分钟) ,1,12864,0.000000,0,2015-7-18 15:16:0,0,89,0,0,1,0,0.000000,1,0.000000,3,0.000000,0.000000,0.000000,0.000000,0.000000,0.000000,0.000000,117177.734375,-117177.734375,-1058.992310,2015-7-16 10:45:0,2015-7-15 21:35:0,7,6,0,0,256,1
91,3,储能,有功给定按钮 ,1,12523,92.000000,3,2015-7-18 15:16:0,0,90,0,0,1,0,0.000000,1,0.000000,3,0.000000,0.000000,0.000000,0.000000,0.000000,0.000000,0.000000,117177.734375,-117177.734375,-1058.992310,2015-7-16 10:45:0,2015-7-15 21:35:0,7,6,0,0,256,1
92,3,储能,充电时间设定按钮 ,1,12865,0.000000,5,2015-7-18 15:16:0,0,91,0,0,1,0,0.000000,1,0.000000,3,0.000000,0.000000,0.000000,0.000000,0.000000,0.000000,0.000000,117177.734375,-117177.734375,-1058.992310,2015-7-16 10:45:0,2015-7-15 21:35:0,7,6,0,0,256,1
93,3,储能,放电时间设定按钮 ,1,12866,0.000000,1,2015-7-18 15:16:0,0,92,0,0,1,0,0.000000,1,0.000000,3,0.000000,0.000000,0.000000,0.000000,0.000000,0.000000,0.000000,117177.734375,-117177.734375,-1058.992310,2015-7-16 10:45:0,2015-7-15 21:35:0,7,6,0,0,256,1
94,3,储能,单元最大电压2 ,1,12508,92.000000,3,2015-7-18 15:16:0,0,93,0,0,1,0,0.000000,1,0.000000,3,0.000000,0.000000,0.000000,0.000000,0.000000,0.000000,0.000000,117177.734375,-117177.734375,-1058.992310,2015-7-16 10:45:0,2015-7-15 21:35:0,7,6,0,0,256,1
95,3,储能,单元最小电压1 ,1,12509,0.000000,0,2015-7-18 15:16:0,0,94,0,0,1,0,0.000000,1,0.000000,3,0.000000,0.000000,0.000000,0.000000,0.000000,0.000000,0.000000,117177.734375,-117177.734375,-1058.992310,2015-7-16 10:45:0,2015-7-15 21:35:0,7,6,0,0,256,1
96,3,储能,单元最高温度2 ,1,12513,0.000000,6,2015-7-18 15:16:0,0,95,0,0,1,0,0.000000,1,0.000000,3,0.000000,0.000000,0.000000,0.000000,0.000000,0.000000,0.000000,117177.734375,-117177.734375,-1058.992310,2015-7-16 10:45:0,2015-7-15 21:35:0,7,6,0,0,256,1
97,3,储能,单元最低温度2 ,1,12514,92.000000,3,2015-7-18 15:16:0,0,96,0,0,1,0,0.000000,1,0.000000,3,0.000000,0.000000,0.000000,0.000000,0.000000,0.000000,0.000000,117177.734375,-117177.734375,-1058.992310,2015-7-16 10:45:0,2015-7-15 21:35:0,7,6,0,0,256,1
98,3,储能,单元平均温度2 ,1,12515,0.000000,1,2015-7-18 15:16:0,0,97,0,0,1,0,0.000000,1,0.000000,3,0.000000,0.000000,0.000000,0.000000,0.000000,0.000000,0.000000,117177.734375,-117177.734375,-1058.992310,2015-7-16 10:45:0,2015-7-15 21:35:0,7,6,0,0,256,1
99,3,储能,火灾报警 ,1,12516,0.000000,3,2015-7-18 15:16:0,0,98,0,0,1,0,0.000000,1,0.000000,3,0.000000,0.000000,0.000000,0.000000,0.000000,0.000000,0.000000,117177.734375,-117177.734375,-1058.992310,2015-7-16 10:45:0,2015-7-15 21:35:0,7,6,0,0,256,1
100,3,储能,储能逆变器故障状态重置 ,1,12532,92.000000,3,2015-7-18 15:16:0,0,99,0,0,1,0,0.000000,1,0.000000,3,0.000000,0.000000,0.000000,0.000000,0.000000,0.000000,0.000000,117177.734375,-117177.734375,-1058.992310,2015-7-16 10:45:0,2015-7-15 21:35:0,7,6,0,0,256,1
101,3,储能,储能逆变器故障字,1,13039,0.000000,6,2015-7-18 15:16:0,0,100,0,0,1,0,0.000000,1,0.000000,3,0.000000,0.000000,0.000000,0.000000,0.000000,0.000000,0.000000,117177.734375,-117177.734375,-1058.992310,2015-7-16 10:45:0,2015-7-15 21:35:0,7,6,0,0,256,1
102,3,通讯状态,徐官屯光伏通讯故障,1,12290,0.000000,5,2015-7-18 15:16:0,0,101,0,0,1,0,0.000000,1,0.000000,3,0.000000,0.000000,0.000000,0.000000,0.000000,0.000000,0.000000,117177.734375,-117177.734375,-1058.992310,2015-7-16 10:45:0,2015-7-15 21:35:0,7,6,0,0,256,1
103,3,通讯状态,徐官屯汇流箱通讯故障,1,12608,92.000000,3,2015-7-18 15:16:0,0,102,0,0,1,0,0.000000,1,0.000000,3,0.000000,0.000000,0.000000,0.000000,0.000000,0.000000,0.000000,117177.734375,-117177.734375,-1058.992310,2015-7-16 10:45:0,2015-7-15 21:35:0,7,6,0,0,256,1
104,3,通讯状态,徐官屯储能通讯故障,1,12527,0.000000,3,2015-7-18 15:16:0,0,103,0,0,1,0,0.000000,1,0.000000,3,0.000000,0.000000,0.000000,0.000000,0.000000,0.000000,0.000000,117177.734375,-117177.734375,-1058.992310,2015-7-16 10:45:0,2015-7-15 21:35:0,7,6,0,0,256,1
105,3,通讯状态,徐官屯通讯心跳信号,1,12526,0.000000,0,2015-7-18 15:16:0,0,104,0,0,1,0,0.000000,1,0.000000,3,0.000000,0.000000,0.000000,0.000000,0.000000,0.000000,0.000000,117177.734375,-117177.734375,-1058.992310,2015-7-16 10:45:0,2015-7-15 21:35:0,7,6,0,0,256,1
106,3,逆变器,徐官屯光伏1开关机,1,12314,92.000000,3,2015-7-18 15:16:0,0,105,0,0,1,0,0.000000,1,0.000000,3,0.000000,0.000000,0.000000,0.000000,0.000000,0.000000,0.000000,117177.734375,-117177.734375,-1058.992310,2015-7-16 10:45:0,2015-7-15 21:35:0,7,6,0,0,256,1
107,3,逆变器,徐官屯光伏1有功给定 ,1,12316,0.000000,5,2015-7-18 15:16:0,0,106,0,0,1,0,0.000000,1,0.000000,3,0.000000,0.000000,0.000000,0.000000,0.000000,0.000000,0.000000,117177.734375,-117177.734375,-1058.992310,2015-7-16 10:45:0,2015-7-15 21:35:0,7,6,0,0,256,1
108,3,逆变器,徐官屯光伏1故障类型 ,1,12320,0.000000,1,2015-7-18 15:16:0,0,107,0,0,1,0,0.000000,1,0.000000,3,0.000000,0.000000,0.000000,0.000000,0.000000,0.000000,0.000000,117177.734375,-117177.734375,-1058.992310,2015-7-16 10:45:0,2015-7-15 21:35:0,7,6,0,0,256,1
109,3,逆变器,徐官屯光伏1有功功率 ,1,12321,92.000000,3,2015-7-18 15:16:0,0,108,0,0,1,0,0.000000,1,0.000000,3,0.000000,0.000000,0.000000,0.000000,0.000000,0.000000,0.000000,117177.734375,-117177.734375,-1058.992310,2015-7-16 10:45:0,2015-7-15 21:35:0,7,6,0,0,256,1
110,3,逆变器,徐官屯光伏1运行状态 ,1,12323,0.000000,0,2015-7-18 15:16:0,0,109,0,0,1,0,0.000000,1,0.000000,3,0.000000,0.000000,0.000000,0.000000,0.000000,0.000000,0.000000,117177.734375,-117177.734375,-1058.992310,2015-7-16 10:45:0,2015-7-15 21:35:0,7,6,0,0,256,1
111,3,逆变器,徐官屯光伏1日发电量 ,1,12325,0.000000,6,2015-7-18 15:16:0,0,110,0,0,1,0,0.000000,1,0.000000,3,0.000000,0.000000,0.000000,0.000000,0.000000,0.000000,0.000000,117177.734375,-117177.734375,-1058.992310,2015-7-16 10:45:0,2015-7-15 21:35:0,7,6,0,0,256,1
112,3,逆变器,徐官屯光伏1总发电量 ,1,12327,92.000000,3,2015-7-18 15:16:0,0,111,0,0,1,0,0.000000,1,0.000000,3,0.000000,0.000000,0.000000,0.000000,0.000000,0.000000,0.000000,117177.734375,-117177.734375,-1058.992310,2015-7-16 10:45:0,2015-7-15 21:35:0,7,6,0,0,256,1
113,3,逆变器,徐官屯光伏1有功给定按钮 ,1,12315,0.000000,1,2015-7-18 15:16:0,0,112,0,0,1,0,0.000000,1,0.000000,3,0.000000,0.000000,0.000000,0.000000,0.000000,0.000000,0.000000,117177.734375,-117177.734375,-1058.992310,2015-7-16 10:45:0,2015-7-15 21:35:0,7,6,0,0,256,1
114,3,逆变器,徐官屯光伏2开关机 ,1,12334,0.000000,3,2015-7-18 15:16:0,0,113,0,0,1,0,0.000000,1,0.000000,3,0.000000,0.000000,0.000000,0.000000,0.000000,0.000000,0.000000,117177.734375,-117177.734375,-1058.992310,2015-7-16 10:45:0,2015-7-15 21:35:0,7,6,0,0,256,1
115,3,逆变器,徐官屯光伏2有功给定 ,1,12336,92.000000,3,2015-7-18 15:16:0,0,114,0,0,1,0,0.000000,1,0.000000,3,0.000000,0.000000,0.000000,0.000000,0.000000,0.000000,0.000000,117177.734375,-117177.734375,-1058.992310,2015-7-16 10:45:0,2015-7-15 21:35:0,7,6,0,0,256,1
116,3,逆变器,徐官屯光伏2故障类型 ,1,12340,0.000000,6,2015-7-18 15:16:0,0,115,0,0,1,0,0.000000,1,0.000000,3,0.000000,0.000000,0.000000,0.000000,0.000000,0.000000,0.000000,117177.734375,-117177.734375,-1058.992310,2015-7-16 10:45:0,2015-7-15 21:35:0,7,6,0,0,256,1
117,3,逆变器,徐官屯光伏2有功功率 ,1,12341,0.000000,5,2015-7-18 15:16:0,0,116,0,0,1,0,0.000000,1,0.000000,3,0.000000,0.000000,0.000000,0.000000,0.000000,0.000000,0.000000,117177.734375,-117177.734375,-1058.992310,2015-7-16 10:45:0,2015-7-15 21:35:0,7,6,0,0,256,1
118,3,逆变器,徐官屯光伏2运行状态 ,1,12343,92.000000,3,2015-7-18 15:16:0,0,117,0,0,1,0,0.000000,1,0.000000,3,0.000000,0.000000,0.000000,0.000000,0.000000,0.000000,0.000000,117177.734375,-117177.734375,-1058.992310,2015-7-16 10:45:0,2015-7-15 21:35:0,7,6,0,0,256,1
119,3,逆变器,徐官屯光伏2日发电量 ,1,12345,0.000000,3,2015-7-18 15:16:0,0,118,0,0,1,0,0.000000,1,0.000000,3,0.000000,0.000000,0.000000,0.000000,0.000000,0.000000,0.000000,117177.734375,-117177.734375,-1058.992310,2015-7-16 10:45:0,2015-7-15 21:35:0,7,6,0,0,256,1
120,3,逆变器,徐官屯光伏2总发电量 ,1,12347,0.000000,0,2015-7-18 15:16:0,0,119,0,0,1,0,0.000000,1,0.000000,3,0.000000,0.000000,0.000000,0.000000,0.000000,0.000000,0.000000,117177.734375,-117177.734375,-1058.992310,2015-7-16 10:45:0,2015-7-15 21:35:0,7,6,0,0,256,1
121,3,逆变器,徐官屯光伏2有功给定按钮 ,1,12335,92.000000,3,2015-7-18 15:16:0,0,120,0,0,1,0,0.000000,1,0.000000,3,0.000000,0.000000,0.000000,0.000000,0.000000,0.000000,0.000000,117177.734375,-117177.734375,-1058.992310,2015-7-16 10:45:0,2015-7-15 21:35:0,7,6,0,0,256,1
122,3,逆变器,徐官屯光伏3开关机 ,1,12354,0.000000,5,2015-7-18 15:16:0,0,121,0,0,1,0,0.000000,1,0.000000,3,0.000000,0.000000,0.000000,0.000000,0.000000,0.000000,0.000000,117177.734375,-117177.734375,-1058.992310,2015-7-16 10:45:0,2015-7-15 21:35:0,7,6,0,0,256,1
123,3,逆变器,徐官屯光伏3有功给定 ,1,12356,0.000000,1,2015-7-18 15:16:0,0,122,0,0,1,0,0.000000,1,0.000000,3,0.000000,0.000000,0.000000,0.000000,0.000000,0.000000,0.000000,117177.734375,-117177.734375,-1058.992310,2015-7-16 10:45:0,2015-7-15 21:35:0,7,6,0,0,256,1
124,3,逆变器,徐官屯光伏3故障类型 ,1,12360,92.000000,3,2015-7-18 15:16:0,0,123,0,0,1,0,0.000000,1,0.000000,3,0.000000,0.000000,0.000000,0.000000,0.000000,0.000000,0.000000,117177.734375,-117177.734375,-1058.992310,2015-7-16 10:45:0,2015-7-15 21:35:0,7,6,0,0,256,1
125,3,逆变器,徐官屯光伏3有功功率 ,1,12361,0.000000,0,2015-7-18 15:16:0,0,124,0,0,1,0,0.000000,1,0.000000,3,0.000000,0.000000,0.000000,0.000000,0.000000,0.000000,0.000000,117177.734375,-117177.734375,-1058.992310,2015-7-16 10:45:0,2015-7-15 21:35:0,7,6,0,0,256,1
126,3,逆变器,徐官屯光伏3运行状态 ,1,12363,0.000000,6,2015-7-18 15:16:0,0,125,0,0,1,0,0.000000,1,0.000000,3,0.000000,0.000000,0.000000,0.000000,0.000000,0.000000,0.000000,117177.734375,-117177.734375,-1058.992310,2015-7-16 10:45:0,2015-7-15 21:35:0,7,6,0,0,256,1
127,3,逆变器,徐官屯光伏3日发电量 ,1,12365,92.000000,3,2015-7-18 15:16:0,0,126,0,0,1,0,0.000000,1,0.000000,3,0.000000,0.000000,0.000000,0.000000,0.000000,0.000000,0.000000,117177.734375,-117177.734375,-1058.992310,2015-7-16 10:45:0,2015-7-15 21:35:0,7,6,0,0,256,1
128,3,逆变器,徐官屯光伏3总发电量 ,1,12367,0.000000,1,2015-7-18 15:16:0,0,127,0,0,1,0,0.000000,1,0.000000,3,0.000000,0.000000,0.000000,0.000000,0.000000,0.000000,0.000000,117177.734375,-117177.734375,-1058.992310,2015-7-16 10:45:0,2015-7-15 21:35:0,7,6,0,0,256,1
129,3,逆变器,徐官屯光伏3有功给定按钮 ,1,12355,0.000000,3,2015-7-18 15:16:0,0,128,0,0,1,0,0.000000,1,0.000000,3,0.000000,0.000000,0.000000,0.000000,0.000000,0.000000,0.000000,117177.734375,-117177.734375,-1058.992310,2015-7-16 10:45:0,2015-7-15 21:35:0,7,6,0,0,256,1
130,4,逆变器,徐官屯光伏4开关机 ,1,12539,92.000000,3,2015-7-18 15:16:0,0,129,0,0,1,0,0.000000,1,0.000000,3,0.000000,0.000000,0.000000,0.000000,0.000000,0.000000,0.000000,117177.734375,-117177.734375,-1058.992310,2015-7-16 10:45:0,2015-7-15 21:35:0,7,6,0,0,256,1
131,4,逆变器,徐官屯光伏4有功给定 ,1,12541,0.000000,1,2015-7-18 15:16:0,0,130,0,0,1,0,0.000000,1,0.000000,3,0.000000,0.000000,0.000000,0.000000,0.000000,0.000000,0.000000,117177.734375,-117177.734375,-1058.992310,2015-7-16 10:45:0,2015-7-15 21:35:0,7,6,0,0,256,1
132,4,逆变器,徐官屯光伏4故障类型 ,1,12545,0.000000,1,2015-7-18 15:16:0,0,131,0,0,1,0,0.000000,1,0.000000,3,0.000000,0.000000,0.000000,0.000000,0.000000,0.000000,0.000000,117177.734375,-117177.734375,-1058.992310,2015-7-16 10:45:0,2015-7-15 21:35:0,7,6,0,0,256,1
133,4,逆变器,徐官屯光伏4有功功率 ,1,12547,92.000000,1,2015-7-18 15:16:0,0,132,0,0,1,0,0.000000,1,0.000000,3,0.000000,0.000000,0.000000,0.000000,0.000000,0.000000,0.000000,117177.734375,-117177.734375,-1058.992310,2015-7-16 10:45:0,2015-7-15 21:35:0,7,6,0,0,256,1
134,4,逆变器,徐官屯光伏4运行状态 ,1,12549,92.000000,1,2015-7-18 15:16:0,0,133,0,0,1,0,0.000000,1,0.000000,3,0.000000,0.000000,0.000000,0.000000,0.000000,0.000000,0.000000,117177.734375,-117177.734375,-1058.992310,2015-7-16 10:45:0,2015-7-15 21:35:0,7,6,0,0,256,1
135,5,逆变器,徐官屯光伏4日发电量 ,1,12551,92.000000,1,2015-7-18 15:16:0,0,134,0,0,1,0,0.000000,1,0.000000,3,0.000000,0.000000,0.000000,0.000000,0.000000,0.000000,0.000000,117177.734375,-117177.734375,-1058.992310,2015-7-16 10:45:0,2015-7-15 21:35:0,7,6,0,0,256,1
136,5,逆变器,徐官屯光伏4总发电量 ,1,12553,92.000000,1,2015-7-18 15:16:0,0,135,0,0,1,0,0.000000,1,0.000000,3,0.000000,0.000000,0.000000,0.000000,0.000000,0.000000,0.000000,117177.734375,-117177.734375,-1058.992310,2015-7-16 10:45:0,2015-7-15 21:35:0,7,6,0,0,256,1
137,5,逆变器,徐官屯光伏4有功给定按钮,1,12540,92.000000,1,2015-7-18 15:16:0,0,136,0,0,1,0,0.000000,1,0.000000,3,0.000000,0.000000,0.000000,0.000000,0.000000,0.000000,0.000000,117177.734375,-117177.734375,-1058.992310,2015-7-16 10:45:0,2015-7-15 21:35:0,7,6,0,0,256,1
138,5,光伏公用变量,徐官屯光伏直流母线电压 ,1,12291,92.000000,1,2015-7-18 15:16:0,0,137,0,0,1,0,0.000000,1,0.000000,3,0.000000,0.000000,0.000000,0.000000,0.000000,0.000000,0.000000,117177.734375,-117177.734375,-1058.992310,2015-7-16 10:45:0,2015-7-15 21:35:0,7,6,0,0,256,1
139,5,光伏公用变量,徐官屯光伏直流电流 ,1,12293,92.000000,1,2015-7-18 15:16:0,0,138,0,0,1,0,0.000000,1,0.000000,3,0.000000,0.000000,0.000000,0.000000,0.000000,0.000000,0.000000,117177.734375,-117177.734375,-1058.992310,2015-7-16 10:45:0,2015-7-15 21:35:0,7,6,0,0,256,1
140,5,光伏公用变量,徐官屯光伏线电压ab ,1,12295,92.000000,1,2015-7-18 15:16:0,0,139,0,0,1,0,0.000000,1,0.000000,3,0.000000,0.000000,0.000000,0.000000,0.000000,0.000000,0.000000,117177.734375,-117177.734375,-1058.992310,2015-7-16 10:45:0,2015-7-15 21:35:0,7,6,0,0,256,1
141,5,光伏公用变量,徐官屯光伏线电压bc ,1,12297,92.000000,1,2015-7-18 15:16:0,0,140,0,0,1,0,0.000000,1,0.000000,3,0.000000,0.000000,0.000000,0.000000,0.000000,0.000000,0.000000,117177.734375,-117177.734375,-1058.992310,2015-7-16 10:45:0,2015-7-15 21:35:0,7,6,0,0,256,1
142,5,光伏公用变量,徐官屯光伏线电压ca ,1,12299,92.000000,1,2015-7-18 15:16:0,0,141,0,0,1,0,0.000000,1,0.000000,3,0.000000,0.000000,0.000000,0.000000,0.000000,0.000000,0.000000,117177.734375,-117177.734375,-1058.992310,2015-7-16 10:45:0,2015-7-15 21:35:0,7,6,0,0,256,1
143,5,光伏公用变量,徐官屯光伏a相电流 ,1,12301,92.000000,1,2015-7-18 15:16:0,0,142,0,0,1,0,0.000000,1,0.000000,3,0.000000,0.000000,0.000000,0.000000,0.000000,0.000000,0.000000,117177.734375,-117177.734375,-1058.992310,2015-7-16 10:45:0,2015-7-15 21:35:0,7,6,0,0,256,1
144,5,光伏公用变量,徐官屯光伏b相电流 ,1,12303,92.000000,1,2015-7-18 15:16:0,0,143,0,0,1,0,0.000000,1,0.000000,3,0.000000,0.000000,0.000000,0.000000,0.000000,0.000000,0.000000,117177.734375,-117177.734375,-1058.992310,2015-7-16 10:45:0,2015-7-15 21:35:0,7,6,0,0,256,1
145,5,光伏公用变量,徐官屯光伏c相电流 ,1,12305,92.000000,1,2015-7-18 15:16:0,0,144,0,0,1,0,0.000000,1,0.000000,3,0.000000,0.000000,0.000000,0.000000,0.000000,0.000000,0.000000,117177.734375,-117177.734375,-1058.992310,2015-7-16 10:45:0,2015-7-15 21:35:0,7,6,0,0,256,1
146,5,光伏公用变量,徐官屯光伏电压频率 ,1,12307,92.000000,1,2015-7-18 15:16:0,0,145,0,0,1,0,0.000000,1,0.000000,3,0.000000,0.000000,0.000000,0.000000,0.000000,0.000000,0.000000,117177.734375,-117177.734375,-1058.992310,2015-7-16 10:45:0,2015-7-15 21:35:0,7,6,0,0,256,1
147,5,光伏公用变量,徐官屯光伏功率因数 ,1,12309,92.000000,1,2015-7-18 15:16:0,0,146,0,0,1,0,0.000000,1,0.000000,3,0.000000,0.000000,0.000000,0.000000,0.000000,0.000000,0.000000,117177.734375,-117177.734375,-1058.992310,2015-7-16 10:45:0,2015-7-15 21:35:0,7,6,0,0,256,1
148,5,光伏公用变量,徐官屯光伏无功功率 ,1,12311,92.000000,1,2015-7-18 15:16:0,0,147,0,0,1,0,0.000000,1,0.000000,3,0.000000,0.000000,0.000000,0.000000,0.000000,0.000000,0.000000,117177.734375,-117177.734375,-1058.992310,2015-7-16 10:45:0,2015-7-15 21:35:0,7,6,0,0,256,1
149,5,光伏公用变量,徐官屯光伏轮询标志位,1,12289,92.000000,1,2015-7-18 15:16:0,0,148,0,0,1,0,0.000000,1,0.000000,3,0.000000,0.000000,0.000000,0.000000,0.000000,0.000000,0.000000,117177.734375,-117177.734375,-1058.992310,2015-7-16 10:45:0,2015-7-15 21:35:0,7,6,0,0,256,1
150,5,电能表,2A相电压 ,1,12893,92.000000,1,2015-7-18 15:16:0,0,149,0,0,1,0,0.000000,1,0.000000,3,0.000000,0.000000,0.000000,0.000000,0.000000,0.000000,0.000000,117177.734375,-117177.734375,-1058.992310,2015-7-16 10:45:0,2015-7-15 21:35:0,7,6,0,0,256,1
151,5,电能表,#2B相电压 ,1,12895,92.000000,1,2015-7-18 15:16:0,0,150,0,0,1,0,0.000000,1,0.000000,3,0.000000,0.000000,0.000000,0.000000,0.000000,0.000000,0.000000,117177.734375,-117177.734375,-1058.992310,2015-7-16 10:45:0,2015-7-15 21:35:0,7,6,0,0,256,1
152,5,电能表,#2C相电压 ,1,12897,92.000000,3,2015-7-18 15:16:0,0,151,0,0,1,0,0.000000,1,0.000000,3,0.000000,0.000000,0.000000,0.000000,0.000000,0.000000,0.000000,117177.734375,-117177.734375,-1058.992310,2015-7-16 10:45:0,2015-7-15 21:35:0,7,6,0,0,256,1
153,5,电能表,#3A相电压 ,1,12929,0.000000,3,2015-7-18 15:16:0,0,152,0,0,1,0,0.000000,1,0.000000,3,0.000000,0.000000,0.000000,0.000000,0.000000,0.000000,0.000000,117177.734375,-117177.734375,-1058.992310,2015-7-16 10:45:0,2015-7-15 21:35:0,7,6,0,0,256,1
154,5,电能表,#3B相电压 ,1,12931,0.000000,3,2015-7-18 15:16:0,0,153,0,0,1,0,0.000000,1,0.000000,3,0.000000,0.000000,0.000000,0.000000,0.000000,0.000000,0.000000,117177.734375,-117177.734375,-1058.992310,2015-7-16 10:45:0,2015-7-15 21:35:0,7,6,0,0,256,1
155,5,电能表,#3C相电压 ,1,12933,0.000000,3,2015-7-18 15:16:0,0,154,0,0,1,0,0.000000,1,0.000000,3,0.000000,0.000000,0.000000,0.000000,0.000000,0.000000,0.000000,117177.734375,-117177.734375,-1058.992310,2015-7-16 10:45:0,2015-7-15 21:35:0,7,6,0,0,256,1
156,5,电能表,#2有功功率 ,1,12905,0.000000,3,2015-7-18 15:16:0,0,155,0,0,1,0,0.000000,1,0.000000,3,0.000000,0.000000,0.000000,0.000000,0.000000,0.000000,0.000000,117177.734375,-117177.734375,-1058.992310,2015-7-16 10:45:0,2015-7-15 21:35:0,7,6,0,0,256,1
157,5,电能表,#3有功功率,1,12941,0.000000,3,2015-7-18 15:16:0,0,156,0,0,1,0,0.000000,1,0.000000,3,0.000000,0.000000,0.000000,0.000000,0.000000,0.000000,0.000000,117177.734375,-117177.734375,-1058.992310,2015-7-16 10:45:0,2015-7-15 21:35:0,7,6,0,0,256,1
158,5,电能表,2电能表正向电能 ,1,12889,0.000000,3,2015-7-18 15:16:0,0,157,0,0,1,0,0.000000,1,0.000000,3,0.000000,0.000000,0.000000,0.000000,0.000000,0.000000,0.000000,117177.734375,-117177.734375,-1058.992310,2015-7-16 10:45:0,2015-7-15 21:35:0,7,6,0,0,256,1
159,5,电能表,#2电能表反向电能 ,1,12891,0.000000,3,2015-7-18 15:16:0,0,158,0,0,1,0,0.000000,1,0.000000,3,0.000000,0.000000,0.000000,0.000000,0.000000,0.000000,0.000000,117177.734375,-117177.734375,-1058.992310,2015-7-16 10:45:0,2015-7-15 21:35:0,7,6,0,0,256,1
160,5,电能表,#3电能表正向电能 ,1,12925,0.000000,3,2015-7-18 15:16:0,0,159,0,0,1,0,0.000000,1,0.000000,3,0.000000,0.000000,0.000000,0.000000,0.000000,0.000000,0.000000,117177.734375,-117177.734375,-1058.992310,2015-7-16 10:45:0,2015-7-15 21:35:0,7,6,0,0,256,1
161,5,电能表,#3电能表反向电能 ,1,12927,0.000000,3,2015-7-18 15:16:0,0,160,0,0,1,0,0.000000,1,0.000000,3,0.000000,0.000000,0.000000,0.000000,0.000000,0.000000,0.000000,117177.734375,-117177.734375,-1058.992310,2015-7-16 10:45:0,2015-7-15 21:35:0,7,6,0,0,256,1
162,5,电能表,#2A相电流 ,1,12899,0.000000,3,2015-7-18 15:16:0,0,161,0,0,1,0,0.000000,1,0.000000,3,0.000000,0.000000,0.000000,0.000000,0.000000,0.000000,0.000000,117177.734375,-117177.734375,-1058.992310,2015-7-16 10:45:0,2015-7-15 21:35:0,7,6,0,0,256,1
163,5,电能表,#2B相电流 ,1,12901,0.000000,3,2015-7-18 15:16:0,0,162,0,0,1,0,0.000000,1,0.000000,3,0.000000,0.000000,0.000000,0.000000,0.000000,0.000000,0.000000,117177.734375,-117177.734375,-1058.992310,2015-7-16 10:45:0,2015-7-15 21:35:0,7,6,0,0,256,1
164,5,电能表,#2C相电流 ,1,12903,0.000000,3,2015-7-18 15:16:0,0,163,0,0,1,0,0.000000,1,0.000000,3,0.000000,0.000000,0.000000,0.000000,0.000000,0.000000,0.000000,117177.734375,-117177.734375,-1058.992310,2015-7-16 10:45:0,2015-7-15 21:35:0,7,6,0,0,256,1
165,5,电能表,#3A相电流 ,1,12935,0.000000,3,2015-7-18 15:16:0,0,164,0,0,1,0,0.000000,1,0.000000,3,0.000000,0.000000,0.000000,0.000000,0.000000,0.000000,0.000000,117177.734375,-117177.734375,-1058.992310,2015-7-16 10:45:0,2015-7-15 21:35:0,7,6,0,0,256,1
166,5,电能表,#3B相电流 ,1,12937,0.000000,3,2015-7-18 15:16:0,0,165,0,0,1,0,0.000000,1,0.000000,3,0.000000,0.000000,0.000000,0.000000,0.000000,0.000000,0.000000,117177.734375,-117177.734375,-1058.992310,2015-7-16 10:45:0,2015-7-15 21:35:0,7,6,0,0,256,1
167,5,电能表,#3C相电流 ,1,12939,0.000000,3,2015-7-18 15:16:0,0,166,0,0,1,0,0.000000,1,0.000000,3,0.000000,0.000000,0.000000,0.000000,0.000000,0.000000,0.000000,117177.734375,-117177.734375,-1058.992310,2015-7-16 10:45:0,2015-7-15 21:35:0,7,6,0,0,256,1
168,5,电能表,#2正向有功电能1 ,1,12909,0.000000,3,2015-7-18 15:16:0,0,167,0,0,1,0,0.000000,1,0.000000,3,0.000000,0.000000,0.000000,0.000000,0.000000,0.000000,0.000000,117177.734375,-117177.734375,-1058.992310,2015-7-16 10:45:0,2015-7-15 21:35:0,7,6,0,0,256,1
169,5,电能表,#2正向有功电能2 ,1,12911,0.000000,3,2015-7-18 15:16:0,0,168,0,0,1,0,0.000000,1,0.000000,3,0.000000,0.000000,0.000000,0.000000,0.000000,0.000000,0.000000,117177.734375,-117177.734375,-1058.992310,2015-7-16 10:45:0,2015-7-15 21:35:0,7,6,0,0,256,1
170,5,电能表,#2正向有功电能3 ,1,12913,0.000000,3,2015-7-18 15:16:0,0,169,0,0,1,0,0.000000,1,0.000000,3,0.000000,0.000000,0.000000,0.000000,0.000000,0.000000,0.000000,117177.734375,-117177.734375,-1058.992310,2015-7-16 10:45:0,2015-7-15 21:35:0,7,6,0,0,256,1
171,5,电能表,#2正向有功电能4 ,1,12915,0.000000,3,2015-7-18 15:16:0,0,170,0,0,1,0,0.000000,1,0.000000,3,0.000000,0.000000,0.000000,0.000000,0.000000,0.000000,0.000000,117177.734375,-117177.734375,-1058.992310,2015-7-16 10:45:0,2015-7-15 21:35:0,7,6,0,0,256,1
172,5,电能表,#2反向有功电能1 ,1,12917,0.000000,0,2015-7-18 15:16:0,0,171,0,0,1,0,0.000000,1,0.000000,3,0.000000,0.000000,0.000000,0.000000,0.000000,0.000000,0.000000,117177.734375,-117177.734375,-1058.992310,2015-7-16 10:45:0,2015-7-15 21:35:0,7,6,0,0,256,1
172,5,电能表,#2反向有功电能2 ,1,12919,0.000000,0,2015-7-18 15:16:0,0,171,0,0,1,0,0.000000,1,0.000000,3,0.000000,0.000000,0.000000,0.000000,0.000000,0.000000,0.000000,117177.734375,-117177.734375,-1058.992310,2015-7-16 10:45:0,2015-7-15 21:35:0,7,6,0,0,256,1
172,5,电能表,#2反向有功电能3 ,1,12921,0.000000,0,2015-7-18 15:16:0,0,171,0,0,1,0,0.000000,1,0.000000,3,0.000000,0.000000,0.000000,0.000000,0.000000,0.000000,0.000000,117177.734375,-117177.734375,-1058.992310,2015-7-16 10:45:0,2015-7-15 21:35:0,7,6,0,0,256,1
172,5,电能表,#2反向有功电能4 ,1,12923,0.000000,0,2015-7-18 15:16:0,0,171,0,0,1,0,0.000000,1,0.000000,3,0.000000,0.000000,0.000000,0.000000,0.000000,0.000000,0.000000,117177.734375,-117177.734375,-1058.992310,2015-7-16 10:45:0,2015-7-15 21:35:0,7,6,0,0,256,1
172,5,电能表,#3正向有功电能1 ,1,12945,0.000000,0,2015-7-18 15:16:0,0,171,0,0,1,0,0.000000,1,0.000000,3,0.000000,0.000000,0.000000,0.000000,0.000000,0.000000,0.000000,117177.734375,-117177.734375,-1058.992310,2015-7-16 10:45:0,2015-7-15 21:35:0,7,6,0,0,256,1
172,5,电能表,#3正向有功电能2 ,1,12947,0.000000,0,2015-7-18 15:16:0,0,171,0,0,1,0,0.000000,1,0.000000,3,0.000000,0.000000,0.000000,0.000000,0.000000,0.000000,0.000000,117177.734375,-117177.734375,-1058.992310,2015-7-16 10:45:0,2015-7-15 21:35:0,7,6,0,0,256,1
172,5,电能表,#3正向有功电能3 ,1,12949,0.000000,0,2015-7-18 15:16:0,0,171,0,0,1,0,0.000000,1,0.000000,3,0.000000,0.000000,0.000000,0.000000,0.000000,0.000000,0.000000,117177.734375,-117177.734375,-1058.992310,2015-7-16 10:45:0,2015-7-15 21:35:0,7,6,0,0,256,1
172,5,电能表,#3正向有功电能4 ,1,12951,0.000000,0,2015-7-18 15:16:0,0,171,0,0,1,0,0.000000,1,0.000000,3,0.000000,0.000000,0.000000,0.000000,0.000000,0.000000,0.000000,117177.734375,-117177.734375,-1058.992310,2015-7-16 10:45:0,2015-7-15 21:35:0,7,6,0,0,256,1
172,5,电能表,#3反向有功电能1 ,1,12953,0.000000,0,2015-7-18 15:16:0,0,171,0,0,1,0,0.000000,1,0.000000,3,0.000000,0.000000,0.000000,0.000000,0.000000,0.000000,0.000000,117177.734375,-117177.734375,-1058.992310,2015-7-16 10:45:0,2015-7-15 21:35:0,7,6,0,0,256,1
172,5,电能表,#3反向有功电能2 ,1,12955,0.000000,0,2015-7-18 15:16:0,0,171,0,0,1,0,0.000000,1,0.000000,3,0.000000,0.000000,0.000000,0.000000,0.000000,0.000000,0.000000,117177.734375,-117177.734375,-1058.992310,2015-7-16 10:45:0,2015-7-15 21:35:0,7,6,0,0,256,1
172,5,电能表,#3反向有功电能3 ,1,12957,0.000000,0,2015-7-18 15:16:0,0,171,0,0,1,0,0.000000,1,0.000000,3,0.000000,0.000000,0.000000,0.000000,0.000000,0.000000,0.000000,117177.734375,-117177.734375,-1058.992310,2015-7-16 10:45:0,2015-7-15 21:35:0,7,6,0,0,256,1
172,5,电能表,#3反向有功电能4,1,12959,0.000000,0,2015-7-18 15:16:0,0,171,0,0,1,0,0.000000,1,0.000000,3,0.000000,0.000000,0.000000,0.000000,0.000000,0.000000,0.000000,117177.734375,-117177.734375,-1058.992310,2015-7-16 10:45:0,2015-7-15 21:35:0,7,6,0,0,256,1

