ID32,uTuID,strID,strName,fVal,lDPUID,iNoInDPU,selecttime,exectime,fFactor,ulYCID32,iIndex,iZF,izfTuID,izfDPUID,izfNoInDPU,izfProcessID,lFlag,iDataType,iexecret
1,4,#1空调,#1空调设定温度,0,1,35,0-0-0 0:0:0,2015-7-18 15:16:7,1,0,0,0,0,0,0,4,0,0,0
2,4,#2空调,#2空调设定温度,0,1,67,0-0-0 0:0:0,2015-7-18 15:16:7,1,0,1,0,0,0,0,4,0,0,0
3,4,#3空调,#3空调设定温度,0,1,99,0-0-0 0:0:0,2015-7-18 15:16:7,1,0,2,0,0,0,0,4,0,0,0
4,4,#4空调,#4空调设定温度,0,1,131,0-0-0 0:0:0,2015-7-18 15:16:7,1,0,3,0,0,0,0,4,0,0,0
5,4,#5空调,#5空调设定温度,0,1,163,0-0-0 0:0:0,2015-7-18 15:16:7,1,0,4,0,0,0,0,64,0,0,0
6,4,#6空调,#6空调设定温度,0,1,195,0-0-0 0:0:0,2015-7-18 15:16:7,1,0,5,0,0,0,0,128,0,0,0
7,4,#7空调,#7空调设定温度,0,1,227,0-0-0 0:0:0,2015-7-18 15:16:7,1,0,6,0,0,0,0,4,0,0,0
8,4,#8空调,#8空调设定温度,0,1,259,0-0-0 0:0:0,2015-7-18 15:16:7,1,0,7,0,0,0,0,4,0,0,0
9,4,#9空调,#9空调设定温度,0,1,291,0-0-0 0:0:0,2015-7-18 15:16:7,1,0,8,0,0,0,0,4,0,0,0
10,4,#10空调,#10空调设定温度,0,1,323,0-0-0 0:0:0,2015-7-18 15:16:7,1,0,9,0,0,0,0,4,0,0,0
11,4,#11空调,#11空调设定温度,0,1,355,0-0-0 0:0:0,2015-7-18 15:16:7,1,0,10,0,0,0,0,4,0,0,0
12,4,#12空调,#12空调设定温度,0,1,387,0-0-0 0:0:0,2015-7-18 15:16:7,1,0,11,0,0,0,0,4,0,0,0
13,4,#13空调,#13空调设定温度,0,1,419,0-0-0 0:0:0,2015-7-18 15:16:7,1,0,12,0,0,0,0,4,0,0,0
14,4,#14空调,#14空调设定温度,0,1,451,0-0-0 0:0:0,2015-7-18 15:16:7,1,0,13,0,0,0,0,4,0,0,0
15,4,#15空调,#15空调设定温度,0,1,483,0-0-0 0:0:0,2015-7-18 15:16:7,1,0,14,0,0,0,0,4,0,0,0
16,4,#16空调,#16空调设定温度,0,1,515,0-0-0 0:0:0,2015-7-18 15:16:7,1,0,15,0,0,0,0,4,0,0,0
17,4,#17空调,#17空调设定温度,0,1,547,0-0-0 0:0:0,2015-7-18 15:16:7,1,0,16,0,0,0,0,4,0,0,0
18,4,#18空调,#18空调设定温度,0,1,579,0-0-0 0:0:0,2015-7-18 15:16:7,1,0,17,0,0,0,0,4,0,0,0
19,4,#19空调,#19空调设定温度,0,1,611,0-0-0 0:0:0,2015-7-18 15:16:7,1,0,18,0,0,0,0,4,0,0,0
20,4,#20空调,#20空调设定温度,0,1,643,0-0-0 0:0:0,2015-7-18 15:16:7,1,0,19,0,0,0,0,4,0,0,0
21,4,#21空调,#21空调设定温度,0,1,675,0-0-0 0:0:0,2015-7-18 15:16:7,1,0,20,0,0,0,0,4,0,0,0
22,4,#24空调,#24空调设定温度,0,1,771,0-0-0 0:0:0,2015-7-18 15:16:7,1,0,21,0,0,0,0,4,0,0,0
23,4,#25空调,#25空调设定温度,0,1,803,0-0-0 0:0:0,2015-7-18 15:16:7,1,0,22,0,0,0,0,4,0,0,0
24,4,#26空调,#26空调设定温度,0,1,835,0-0-0 0:0:0,2015-7-18 15:16:7,1,0,23,0,0,0,0,4,0,0,0
25,4,#27空调,#27空调设定温度,0,1,867,0-0-0 0:0:0,2015-7-18 15:16:7,1,0,24,0,0,0,0,4,0,0,0
26,4,#28空调,#28空调设定温度,0,1,899,0-0-0 0:0:0,2015-7-18 15:16:7,1,0,25,0,0,0,0,4,0,0,0
27,4,#29空调,#29空调设定温度,0,1,931,0-0-0 0:0:0,2015-7-18 15:16:7,1,0,26,0,0,0,0,4,0,0,0
28,4,#30空调,#30空调设定温度,0,1,963,0-0-0 0:0:0,2015-7-18 15:16:7,1,0,27,0,0,0,0,4,0,0,0
29,4,#31空调,#31空调设定温度,0,1,995,0-0-0 0:0:0,2015-7-18 15:16:7,1,0,28,0,0,0,0,4,0,0,0
30,4,#32空调,#32空调设定温度,0,1,1027,0-0-0 0:0:0,2015-7-18 15:16:7,1,0,29,0,0,0,0,4,0,0,0
31,4,#33空调,#33空调设定温度,0,1,1059,0-0-0 0:0:0,2015-7-18 15:16:7,1,0,30,0,0,0,0,4,0,0,0
32,4,#34空调,#34空调设定温度,0,1,1091,0-0-0 0:0:0,2015-7-18 15:16:7,1,0,31,0,0,0,0,4,0,0,0
33,4,#35空调,#35空调设定温度,0,1,1123,0-0-0 0:0:0,2015-7-18 15:16:7,1,0,32,0,0,0,0,4,0,0,0
34,4,#36空调,#36空调设定温度,0,1,1155,0-0-0 0:0:0,2015-7-18 15:16:7,1,0,33,0,0,0,0,4,0,0,0
35,4,#37空调,#37空调设定温度,0,1,1187,0-0-0 0:0:0,2015-7-18 15:16:7,1,0,34,0,0,0,0,4,0,0,0
36,4,#38空调,#38空调设定温度,0,1,1219,0-0-0 0:0:0,2015-7-18 15:16:7,1,0,35,0,0,0,0,4,0,0,0
37,4,#39空调,#39空调设定温度,0,1,1251,0-0-0 0:0:0,2015-7-18 15:16:7,1,0,36,0,0,0,0,4,0,0,0
38,4,#40空调,#40空调设定温度,0,1,1283,0-0-0 0:0:0,2015-7-18 15:16:7,1,0,37,0,0,0,0,4,0,0,0
39,4,#41空调,#41空调设定温度,0,1,1315,0-0-0 0:0:0,2015-7-18 15:16:7,1,0,38,0,0,0,0,4,0,0,0
40,4,#42空调,#42空调设定温度,0,1,1347,0-0-0 0:0:0,2015-7-18 15:16:7,1,0,39,0,0,0,0,4,0,0,0
41,4,#43空调,#43空调设定温度,0,1,1379,0-0-0 0:0:0,2015-7-18 15:16:7,1,0,40,0,0,0,0,4,0,0,0
42,4,#44空调,#44空调设定温度,0,1,1411,0-0-0 0:0:0,2015-7-18 15:16:7,1,0,41,0,0,0,0,4,0,0,0
43,4,#45空调,#45空调设定温度,0,1,1443,0-0-0 0:0:0,2015-7-18 15:16:7,1,0,42,0,0,0,0,4,0,0,0
44,4,#46空调,#46空调设定温度,0,1,1475,0-0-0 0:0:0,2015-7-18 15:16:7,1,0,43,0,0,0,0,4,0,0,0
45,4,#47空调,#47空调设定温度,0,1,1507,0-0-0 0:0:0,2015-7-18 15:16:7,1,0,44,0,0,0,0,4,0,0,0
46,4,#48空调,#48空调设定温度,0,1,1539,0-0-0 0:0:0,2015-7-18 15:16:7,1,0,45,0,0,0,0,4,0,0,0
47,4,#49空调,#49空调设定温度,0,1,1571,0-0-0 0:0:0,2015-7-18 15:16:7,1,0,46,0,0,0,0,4,0,0,0
48,4,#50空调,#50空调设定温度,0,1,1603,0-0-0 0:0:0,2015-7-18 15:16:7,1,0,47,0,0,0,0,4,0,0,0
49,4,#51空调,#51空调设定温度,0,1,1635,0-0-0 0:0:0,2015-7-18 15:16:7,1,0,48,0,0,0,0,4,0,0,0
50,4,#52空调,#52空调设定温度,0,1,1667,0-0-0 0:0:0,2015-7-18 15:16:7,1,0,49,0,0,0,0,4,0,0,0
51,4,#1空调,#1空调设定模式,0,1,33,0-0-0 0:0:0,2015-7-18 15:16:7,1,0,50,0,0,0,0,4,0,0,0
52,4,#2空调,#2空调设定模式,0,1,65,0-0-0 0:0:0,2015-7-18 15:16:7,1,0,51,0,0,0,0,4,0,0,0
53,4,#3空调,#3空调设定模式,0,1,97,0-0-0 0:0:0,2015-7-18 15:16:7,1,0,52,0,0,0,0,4,0,0,0
54,4,#4空调,#4空调设定模式,0,1,129,0-0-0 0:0:0,2015-7-18 15:16:7,1,0,53,0,0,0,0,4,0,0,0
55,4,#5空调,#5空调设定模式,0,1,161,0-0-0 0:0:0,2015-7-18 15:16:7,1,0,54,0,0,0,0,4,0,0,0
56,4,#6空调,#6空调设定模式,0,1,193,0-0-0 0:0:0,2015-7-18 15:16:7,1,0,55,0,0,0,0,4,0,0,0
57,4,#7空调,#7空调设定模式,0,1,225,0-0-0 0:0:0,2015-7-18 15:16:7,1,0,56,0,0,0,0,4,0,0,0
58,4,#8空调,#8空调设定模式,0,1,257,0-0-0 0:0:0,2015-7-18 15:16:7,1,0,57,0,0,0,0,4,0,0,0
59,4,#9空调,#9空调设定模式,0,1,289,0-0-0 0:0:0,2015-7-18 15:16:7,1,0,58,0,0,0,0,4,0,0,0
60,4,#10空调,#10空调设定模式,0,1,321,0-0-0 0:0:0,2015-7-18 15:16:7,1,0,59,0,0,0,0,4,0,0,0
61,4,#11空调,#11空调设定模式,0,1,353,0-0-0 0:0:0,2015-7-18 15:16:7,1,0,60,0,0,0,0,4,0,0,0
62,4,#12空调,#12空调设定模式,0,1,385,0-0-0 0:0:0,2015-7-18 15:16:7,1,0,61,0,0,0,0,4,0,0,0
63,4,#13空调,#13空调设定模式,0,1,417,0-0-0 0:0:0,2015-7-18 15:16:7,1,0,62,0,0,0,0,4,0,0,0
64,4,#14空调,#14空调设定模式,0,1,449,0-0-0 0:0:0,2015-7-18 15:16:7,1,0,63,0,0,0,0,4,0,0,0
65,4,#15空调,#15空调设定模式,0,1,481,0-0-0 0:0:0,2015-7-18 15:16:7,1,0,64,0,0,0,0,4,0,0,0
66,4,#16空调,#16空调设定模式,0,1,513,0-0-0 0:0:0,2015-7-18 15:16:7,1,0,65,0,0,0,0,4,0,0,0
67,4,#17空调,#17空调设定模式,0,1,545,0-0-0 0:0:0,2015-7-18 15:16:7,1,0,66,0,0,0,0,4,0,0,0
68,4,#18空调,#18空调设定模式,0,1,577,0-0-0 0:0:0,2015-7-18 15:16:7,1,0,67,0,0,0,0,4,0,0,0
69,4,#19空调,#19空调设定模式,0,1,609,0-0-0 0:0:0,2015-7-18 15:16:7,1,0,68,0,0,0,0,4,0,0,0
70,4,#20空调,#20空调设定模式,0,1,641,0-0-0 0:0:0,2015-7-18 15:16:7,1,0,69,0,0,0,0,4,0,0,0
71,4,#21空调,#21空调设定模式,0,1,673,0-0-0 0:0:0,2015-7-18 15:16:7,1,0,70,0,0,0,0,4,0,0,0
72,4,#24空调,#24空调设定模式,0,1,769,0-0-0 0:0:0,2015-7-18 15:16:7,1,0,71,0,0,0,0,4,0,0,0
73,4,#25空调,#25空调设定模式,0,1,801,0-0-0 0:0:0,2015-7-18 15:16:7,1,0,72,0,0,0,0,4,0,0,0
74,4,#26空调,#26空调设定模式,0,1,833,0-0-0 0:0:0,2015-7-18 15:16:7,1,0,73,0,0,0,0,4,0,0,0
75,4,#27空调,#27空调设定模式,0,1,865,0-0-0 0:0:0,2015-7-18 15:16:7,1,0,74,0,0,0,0,4,0,0,0
76,4,#28空调,#28空调设定模式,0,1,897,0-0-0 0:0:0,2015-7-18 15:16:7,1,0,75,0,0,0,0,4,0,0,0
77,4,#29空调,#29空调设定模式,0,1,929,0-0-0 0:0:0,2015-7-18 15:16:7,1,0,76,0,0,0,0,4,0,0,0
78,4,#30空调,#30空调设定模式,0,1,961,0-0-0 0:0:0,2015-7-18 15:16:7,1,0,77,0,0,0,0,4,0,0,0
79,4,#31空调,#31空调设定模式,0,1,993,0-0-0 0:0:0,2015-7-18 15:16:7,1,0,78,0,0,0,0,4,0,0,0
80,4,#32空调,#32空调设定模式,0,1,1025,0-0-0 0:0:0,2015-7-18 15:16:7,1,0,79,0,0,0,0,4,0,0,0
81,4,#33空调,#33空调设定模式,0,1,1057,0-0-0 0:0:0,2015-7-18 15:16:7,1,0,80,0,0,0,0,4,0,0,0
82,4,#34空调,#34空调设定模式,0,1,1089,0-0-0 0:0:0,2015-7-18 15:16:7,1,0,81,0,0,0,0,4,0,0,0
83,4,#35空调,#35空调设定模式,0,1,1121,0-0-0 0:0:0,2015-7-18 15:16:7,1,0,82,0,0,0,0,4,0,0,0
84,4,#36空调,#36空调设定模式,0,1,1153,0-0-0 0:0:0,2015-7-18 15:16:7,1,0,83,0,0,0,0,4,0,0,0
85,4,#37空调,#37空调设定模式,0,1,1185,0-0-0 0:0:0,2015-7-18 15:16:7,1,0,84,0,0,0,0,4,0,0,0
86,4,#38空调,#38空调设定模式,0,1,1217,0-0-0 0:0:0,2015-7-18 15:16:7,1,0,85,0,0,0,0,4,0,0,0
87,4,#39空调,#39空调设定模式,0,1,1249,0-0-0 0:0:0,2015-7-18 15:16:7,1,0,86,0,0,0,0,4,0,0,0
88,4,#40空调,#40空调设定模式,0,1,1281,0-0-0 0:0:0,2015-7-18 15:16:7,1,0,87,0,0,0,0,4,0,0,0
89,4,#41空调,#41空调设定模式,0,1,1313,0-0-0 0:0:0,2015-7-18 15:16:7,1,0,88,0,0,0,0,4,0,0,0
90,4,#42空调,#42空调设定模式,0,1,1345,0-0-0 0:0:0,2015-7-18 15:16:7,1,0,89,0,0,0,0,4,0,0,0
91,4,#43空调,#43空调设定模式,0,1,1377,0-0-0 0:0:0,2015-7-18 15:16:7,1,0,90,0,0,0,0,4,0,0,0
92,4,#44空调,#44空调设定模式,0,1,1409,0-0-0 0:0:0,2015-7-18 15:16:7,1,0,91,0,0,0,0,4,0,0,0
93,4,#45空调,#45空调设定模式,0,1,1441,0-0-0 0:0:0,2015-7-18 15:16:7,1,0,92,0,0,0,0,4,0,0,0
94,4,#46空调,#46空调设定模式,0,1,1473,0-0-0 0:0:0,2015-7-18 15:16:7,1,0,93,0,0,0,0,4,0,0,0
95,4,#47空调,#47空调设定模式,0,1,1505,0-0-0 0:0:0,2015-7-18 15:16:7,1,0,94,0,0,0,0,4,0,0,0
96,4,#48空调,#48空调设定模式,0,1,1537,0-0-0 0:0:0,2015-7-18 15:16:7,1,0,95,0,0,0,0,4,0,0,0
97,4,#49空调,#49空调设定模式,0,1,1569,0-0-0 0:0:0,2015-7-18 15:16:7,1,0,96,0,0,0,0,4,0,0,0
98,4,#50空调,#50空调设定模式,0,1,1601,0-0-0 0:0:0,2015-7-18 15:16:7,1,0,97,0,0,0,0,4,0,0,0
99,4,#51空调,#51空调设定模式,0,1,1633,0-0-0 0:0:0,2015-7-18 15:16:7,1,0,98,0,0,0,0,4,0,0,0
100,4,#52空调,#52空调设定模式,0,1,1665,0-0-0 0:0:0,2015-7-18 15:16:7,1,0,99,0,0,0,0,4,0,0,0
101,4,#1空调,#1空调设定风速,0,1,34,0-0-0 0:0:0,2015-7-18 15:16:7,1,0,100,0,0,0,0,4,0,0,0
102,4,#2空调,#2空调设定风速,0,1,66,0-0-0 0:0:0,2015-7-18 15:16:7,1,0,101,0,0,0,0,4,0,0,0
103,4,#3空调,#3空调设定风速,0,1,98,0-0-0 0:0:0,2015-7-18 15:16:7,1,0,102,0,0,0,0,4,0,0,0
104,4,#4空调,#4空调设定风速,0,1,130,0-0-0 0:0:0,2015-7-18 15:16:7,1,0,103,0,0,0,0,4,0,0,0
105,4,#5空调,#5空调设定风速,0,1,162,0-0-0 0:0:0,2015-7-18 15:16:7,1,0,104,0,0,0,0,4,0,0,0
106,4,#6空调,#6空调设定风速,0,1,194,0-0-0 0:0:0,2015-7-18 15:16:7,1,0,105,0,0,0,0,4,0,0,0
107,4,#7空调,#7空调设定风速,0,1,226,0-0-0 0:0:0,2015-7-18 15:16:7,1,0,106,0,0,0,0,4,0,0,0
108,4,#8空调,#8空调设定风速,0,1,258,0-0-0 0:0:0,2015-7-18 15:16:7,1,0,107,0,0,0,0,4,0,0,0
109,4,#9空调,#9空调设定风速,0,1,290,0-0-0 0:0:0,2015-7-18 15:16:7,1,0,108,0,0,0,0,4,0,0,0
110,4,#10空调,#10空调设定风速,0,1,322,0-0-0 0:0:0,2015-7-18 15:16:7,1,0,109,0,0,0,0,4,0,0,0
111,4,#11空调,#11空调设定风速,0,1,354,0-0-0 0:0:0,2015-7-18 15:16:7,1,0,110,0,0,0,0,4,0,0,0
112,4,#12空调,#12空调设定风速,0,1,386,0-0-0 0:0:0,2015-7-18 15:16:7,1,0,111,0,0,0,0,4,0,0,0
113,4,#13空调,#13空调设定风速,0,1,418,0-0-0 0:0:0,2015-7-18 15:16:7,1,0,112,0,0,0,0,4,0,0,0
114,4,#14空调,#14空调设定风速,0,1,450,0-0-0 0:0:0,2015-7-18 15:16:7,1,0,113,0,0,0,0,4,0,0,0
115,4,#15空调,#15空调设定风速,0,1,482,0-0-0 0:0:0,2015-7-18 15:16:7,1,0,114,0,0,0,0,4,0,0,0
116,4,#16空调,#16空调设定风速,0,1,514,0-0-0 0:0:0,2015-7-18 15:16:7,1,0,115,0,0,0,0,4,0,0,0
117,4,#17空调,#17空调设定风速,0,1,546,0-0-0 0:0:0,2015-7-18 15:16:7,1,0,116,0,0,0,0,4,0,0,0
118,4,#18空调,#18空调设定风速,0,1,578,0-0-0 0:0:0,2015-7-18 15:16:7,1,0,117,0,0,0,0,4,0,0,0
119,4,#19空调,#19空调设定风速,0,1,610,0-0-0 0:0:0,2015-7-18 15:16:7,1,0,118,0,0,0,0,4,0,0,0
120,4,#20空调,#20空调设定风速,0,1,642,0-0-0 0:0:0,2015-7-18 15:16:7,1,0,119,0,0,0,0,4,0,0,0
121,4,#21空调,#21空调设定风速,0,1,674,0-0-0 0:0:0,2015-7-18 15:16:7,1,0,120,0,0,0,0,4,0,0,0
122,4,#24空调,#24空调设定风速,0,1,770,0-0-0 0:0:0,2015-7-18 15:16:7,1,0,121,0,0,0,0,4,0,0,0
123,4,#25空调,#25空调设定风速,0,1,802,0-0-0 0:0:0,2015-7-18 15:16:7,1,0,122,0,0,0,0,4,0,0,0
124,4,#26空调,#26空调设定风速,0,1,834,0-0-0 0:0:0,2015-7-18 15:16:7,1,0,123,0,0,0,0,4,0,0,0
125,4,#27空调,#27空调设定风速,0,1,866,0-0-0 0:0:0,2015-7-18 15:16:7,1,0,124,0,0,0,0,4,0,0,0
126,4,#28空调,#28空调设定风速,0,1,898,0-0-0 0:0:0,2015-7-18 15:16:7,1,0,125,0,0,0,0,4,0,0,0
127,4,#29空调,#29空调设定风速,0,1,930,0-0-0 0:0:0,2015-7-18 15:16:7,1,0,126,0,0,0,0,4,0,0,0
128,4,#30空调,#30空调设定风速,0,1,962,0-0-0 0:0:0,2015-7-18 15:16:7,1,0,127,0,0,0,0,4,0,0,0
129,4,#31空调,#31空调设定风速,0,1,994,0-0-0 0:0:0,2015-7-18 15:16:7,1,0,128,0,0,0,0,4,0,0,0
130,4,#32空调,#32空调设定风速,0,1,1026,0-0-0 0:0:0,2015-7-18 15:16:7,1,0,129,0,0,0,0,4,0,0,0
131,4,#33空调,#33空调设定风速,0,1,1058,0-0-0 0:0:0,2015-7-18 15:16:7,1,0,130,0,0,0,0,4,0,0,0
132,4,#34空调,#34空调设定风速,0,1,1090,0-0-0 0:0:0,2015-7-18 15:16:7,1,0,131,0,0,0,0,4,0,0,0
133,4,#35空调,#35空调设定风速,0,1,1122,0-0-0 0:0:0,2015-7-18 15:16:7,1,0,132,0,0,0,0,4,0,0,0
134,4,#36空调,#36空调设定风速,0,1,1154,0-0-0 0:0:0,2015-7-18 15:16:7,1,0,133,0,0,0,0,4,0,0,0
135,4,#37空调,#37空调设定风速,0,1,1186,0-0-0 0:0:0,2015-7-18 15:16:7,1,0,134,0,0,0,0,4,0,0,0
136,4,#38空调,#38空调设定风速,0,1,1218,0-0-0 0:0:0,2015-7-18 15:16:7,1,0,135,0,0,0,0,4,0,0,0
137,4,#39空调,#39空调设定风速,0,1,1250,0-0-0 0:0:0,2015-7-18 15:16:7,1,0,136,0,0,0,0,4,0,0,0
138,4,#40空调,#40空调设定风速,0,1,1282,0-0-0 0:0:0,2015-7-18 15:16:7,1,0,137,0,0,0,0,4,0,0,0
139,4,#41空调,#41空调设定风速,0,1,1314,0-0-0 0:0:0,2015-7-18 15:16:7,1,0,138,0,0,0,0,4,0,0,0
140,4,#42空调,#42空调设定风速,0,1,1346,0-0-0 0:0:0,2015-7-18 15:16:7,1,0,139,0,0,0,0,4,0,0,0
141,4,#43空调,#43空调设定风速,0,1,1378,0-0-0 0:0:0,2015-7-18 15:16:7,1,0,140,0,0,0,0,4,0,0,0
142,4,#44空调,#44空调设定风速,0,1,1410,0-0-0 0:0:0,2015-7-18 15:16:7,1,0,141,0,0,0,0,4,0,0,0
143,4,#45空调,#45空调设定风速,0,1,1442,0-0-0 0:0:0,2015-7-18 15:16:7,1,0,142,0,0,0,0,4,0,0,0
144,4,#46空调,#46空调设定风速,0,1,1474,0-0-0 0:0:0,2015-7-18 15:16:7,1,0,143,0,0,0,0,4,0,0,0
145,4,#47空调,#47空调设定风速,0,1,1506,0-0-0 0:0:0,2015-7-18 15:16:7,1,0,144,0,0,0,0,4,0,0,0
146,4,#48空调,#48空调设定风速,0,1,1538,0-0-0 0:0:0,2015-7-18 15:16:7,1,0,145,0,0,0,0,4,0,0,0
147,4,#49空调,#49空调设定风速,0,1,1570,0-0-0 0:0:0,2015-7-18 15:16:7,1,0,146,0,0,0,0,4,0,0,0
148,4,#50空调,#50空调设定风速,0,1,1602,0-0-0 0:0:0,2015-7-18 15:16:7,1,0,147,0,0,0,0,4,0,0,0
149,4,#51空调,#51空调设定风速,0,1,1634,0-0-0 0:0:0,2015-7-18 15:16:7,1,0,148,0,0,0,0,4,0,0,0
150,4,#52空调,#52空调设定风速,0,1,1666,0-0-0 0:0:0,2015-7-18 15:16:7,1,0,149,0,0,0,0,4,0,0,0

