16:27:18|0.000000|0.000000|0.000000|0.000000|37.000000|1000.000000|1.000000|1.000000|35.000000|36.799999|39.500000|32.000000|39.000000|32.000000|8000.000000|100.000000|3000.000000|1.000000|20.000000|0.000000|20.000000|4000.000000|-4000.000000|4000.000000|5532.000000|532.000000|0.000000|0.000000|5000.000000|4468.000000|5532.000000|532.000000|4000.000000|4000.000000|4000.000000|8468.000000|9532.000000|1.000000|35.000000|0.000000|0.000000|0.000000|1.000000|1000.000000|1000.000000
16:27:26|0.000000|0.000000|0.000000|0.000000|37.000000|1000.000000|1.000000|1.000000|35.000000|36.799999|39.500000|32.000000|39.000000|32.000000|8000.000000|100.000000|3000.000000|0.000000|0.000000|10.000000|0.000000|0.000000|0.000000|0.000000|0.000000|2250.000000|0.000000|0.000000|0.000000|0.000000|0.000000|2250.000000|16200.000000|4000.000000|0.000000|0.000000|9532.000000|1.000000|35.000000|0.000000|0.000000|0.000000|1.000000|1000.000000|1000.000000
16:27:34|0.000000|0.000000|0.000000|0.000000|37.000000|1000.000000|1.000000|1.000000|35.000000|36.799999|39.500000|32.000000|39.000000|32.000000|8000.000000|100.000000|3000.000000|0.000000|0.000000|10.000000|0.000000|0.000000|0.000000|0.000000|0.000000|2250.000000|0.000000|0.000000|0.000000|0.000000|0.000000|2250.000000|16200.000000|4000.000000|0.000000|0.000000|9532.000000|1.000000|35.000000|0.000000|0.000000|0.000000|1.000000|1000.000000|1000.000000
16:27:42|0.000000|0.000000|0.000000|0.000000|37.000000|1000.000000|1.000000|1.000000|35.000000|36.799999|39.500000|32.000000|39.000000|32.000000|8000.000000|100.000000|3000.000000|0.000000|0.000000|10.000000|0.000000|0.000000|0.000000|0.000000|0.000000|2250.000000|0.000000|0.000000|0.000000|0.000000|0.000000|2250.000000|16200.000000|4000.000000|0.000000|0.000000|9532.000000|1.000000|35.000000|0.000000|0.000000|0.000000|1.000000|1000.000000|1000.000000
16:27:50|0.000000|0.000000|0.000000|0.000000|37.000000|1000.000000|1.000000|1.000000|35.000000|36.799999|39.500000|32.000000|39.000000|32.000000|8000.000000|100.000000|3000.000000|0.000000|0.000000|10.000000|0.000000|0.000000|0.000000|0.000000|0.000000|2250.000000|0.000000|0.000000|0.000000|0.000000|0.000000|2250.000000|16200.000000|4000.000000|0.000000|0.000000|9532.000000|1.000000|35.000000|0.000000|0.000000|0.000000|1.000000|1000.000000|1000.000000
16:27:58|0.000000|0.000000|0.000000|0.000000|37.000000|1000.000000|1.000000|1.000000|35.000000|36.799999|39.500000|32.000000|39.000000|32.000000|8000.000000|100.000000|3000.000000|0.000000|0.000000|10.000000|0.000000|0.000000|0.000000|0.000000|0.000000|2250.000000|0.000000|0.000000|0.000000|0.000000|0.000000|2250.000000|16200.000000|4000.000000|0.000000|0.000000|9532.000000|1.000000|35.000000|0.000000|0.000000|0.000000|1.000000|1000.000000|1000.000000
16:28:06|0.000000|0.000000|0.000000|0.000000|37.000000|1000.000000|1.000000|1.000000|35.000000|36.799999|39.500000|32.000000|39.000000|32.000000|8000.000000|100.000000|3000.000000|0.000000|0.000000|10.000000|0.000000|0.000000|0.000000|0.000000|0.000000|2250.000000|0.000000|0.000000|0.000000|0.000000|0.000000|2250.000000|16200.000000|4000.000000|0.000000|0.000000|9532.000000|1.000000|35.000000|0.000000|0.000000|0.000000|1.000000|1000.000000|1000.000000
16:28:14|0.000000|0.000000|0.000000|0.000000|37.000000|1000.000000|1.000000|1.000000|35.000000|36.799999|39.500000|32.000000|39.000000|32.000000|8000.000000|100.000000|3000.000000|0.000000|0.000000|10.000000|0.000000|0.000000|0.000000|0.000000|0.000000|2250.000000|0.000000|0.000000|0.000000|0.000000|0.000000|2250.000000|16200.000000|4000.000000|0.000000|0.000000|9532.000000|1.000000|35.000000|0.000000|0.000000|0.000000|1.000000|1000.000000|1000.000000
16:28:22|0.000000|0.000000|0.000000|0.000000|37.000000|1000.000000|1.000000|1.000000|35.000000|36.799999|39.500000|32.000000|39.000000|32.000000|8000.000000|100.000000|3000.000000|0.000000|0.000000|10.000000|0.000000|0.000000|0.000000|0.000000|0.000000|2250.000000|0.000000|0.000000|0.000000|0.000000|0.000000|2250.000000|16200.000000|4000.000000|0.000000|0.000000|9532.000000|1.000000|35.000000|0.000000|0.000000|0.000000|1.000000|1000.000000|1000.000000
16:28:30|0.000000|0.000000|0.000000|0.000000|37.000000|1000.000000|1.000000|1.000000|35.000000|36.799999|39.500000|32.000000|39.000000|32.000000|8000.000000|100.000000|3000.000000|0.000000|0.000000|10.000000|0.000000|0.000000|0.000000|0.000000|0.000000|2250.000000|0.000000|0.000000|0.000000|0.000000|0.000000|2250.000000|16200.000000|4000.000000|0.000000|0.000000|9532.000000|1.000000|35.000000|0.000000|0.000000|0.000000|1.000000|1000.000000|1000.000000
16:28:38|0.000000|0.000000|0.000000|0.000000|37.000000|1000.000000|1.000000|1.000000|35.000000|36.799999|39.500000|32.000000|39.000000|32.000000|8000.000000|100.000000|3000.000000|0.000000|0.000000|10.000000|0.000000|0.000000|0.000000|0.000000|0.000000|2250.000000|0.000000|0.000000|0.000000|0.000000|0.000000|2250.000000|16200.000000|4000.000000|0.000000|0.000000|9532.000000|1.000000|35.000000|0.000000|0.000000|0.000000|1.000000|1000.000000|1000.000000
16:28:46|0.000000|0.000000|0.000000|0.000000|37.000000|1000.000000|1.000000|1.000000|35.000000|36.799999|39.500000|32.000000|39.000000|32.000000|8000.000000|100.000000|3000.000000|0.000000|0.000000|10.000000|0.000000|0.000000|0.000000|0.000000|0.000000|2250.000000|0.000000|0.000000|0.000000|0.000000|0.000000|2250.000000|16200.000000|4000.000000|0.000000|0.000000|9532.000000|1.000000|35.000000|0.000000|0.000000|0.000000|1.000000|1000.000000|1000.000000
16:28:54|0.000000|0.000000|0.000000|0.000000|37.000000|1000.000000|1.000000|1.000000|35.000000|36.799999|39.500000|32.000000|39.000000|32.000000|8000.000000|100.000000|3000.000000|0.000000|0.000000|10.000000|0.000000|0.000000|0.000000|0.000000|0.000000|2250.000000|0.000000|0.000000|0.000000|0.000000|0.000000|2250.000000|16200.000000|4000.000000|0.000000|0.000000|9532.000000|1.000000|35.000000|0.000000|0.000000|0.000000|1.000000|1000.000000|1000.000000
16:29:02|0.000000|0.000000|0.000000|0.000000|37.000000|1000.000000|1.000000|1.000000|35.000000|36.799999|39.500000|32.000000|39.000000|32.000000|8000.000000|100.000000|3000.000000|0.000000|0.000000|10.000000|0.000000|0.000000|0.000000|0.000000|0.000000|2250.000000|0.000000|0.000000|0.000000|0.000000|0.000000|2250.000000|16200.000000|4000.000000|0.000000|0.000000|9532.000000|1.000000|35.000000|0.000000|0.000000|0.000000|1.000000|1000.000000|1000.000000
16:29:10|0.000000|0.000000|0.000000|0.000000|37.000000|1000.000000|1.000000|1.000000|35.000000|36.799999|39.500000|32.000000|39.000000|32.000000|8000.000000|100.000000|3000.000000|0.000000|0.000000|10.000000|0.000000|0.000000|0.000000|0.000000|0.000000|2250.000000|0.000000|0.000000|0.000000|0.000000|0.000000|2250.000000|16200.000000|4000.000000|0.000000|0.000000|9532.000000|1.000000|35.000000|0.000000|0.000000|0.000000|1.000000|1000.000000|1000.000000
16:29:18|0.000000|0.000000|0.000000|0.000000|37.000000|1000.000000|1.000000|1.000000|35.000000|36.799999|39.500000|32.000000|39.000000|32.000000|8000.000000|100.000000|3000.000000|0.000000|0.000000|10.000000|0.000000|0.000000|0.000000|0.000000|0.000000|2250.000000|0.000000|0.000000|0.000000|0.000000|0.000000|2250.000000|16200.000000|4000.000000|0.000000|0.000000|9532.000000|1.000000|35.000000|0.000000|0.000000|0.000000|1.000000|1000.000000|1000.000000
16:29:26|0.000000|0.000000|0.000000|0.000000|37.000000|1000.000000|1.000000|1.000000|35.000000|36.799999|39.500000|32.000000|39.000000|32.000000|8000.000000|100.000000|3000.000000|0.000000|0.000000|10.000000|0.000000|0.000000|0.000000|0.000000|0.000000|2250.000000|0.000000|0.000000|0.000000|0.000000|0.000000|2250.000000|16200.000000|4000.000000|0.000000|0.000000|9532.000000|1.000000|35.000000|0.000000|0.000000|0.000000|1.000000|1000.000000|1000.000000
16:29:34|0.000000|0.000000|0.000000|0.000000|37.000000|1000.000000|1.000000|1.000000|35.000000|36.799999|39.500000|32.000000|39.000000|32.000000|8000.000000|100.000000|3000.000000|0.000000|0.000000|10.000000|0.000000|0.000000|0.000000|0.000000|0.000000|2250.000000|0.000000|0.000000|0.000000|0.000000|0.000000|2250.000000|16200.000000|4000.000000|0.000000|0.000000|9532.000000|1.000000|35.000000|0.000000|0.000000|0.000000|1.000000|1000.000000|1000.000000
16:29:43|0.000000|0.000000|0.000000|0.000000|37.000000|1000.000000|1.000000|1.000000|35.000000|36.799999|39.500000|32.000000|39.000000|32.000000|8000.000000|100.000000|3000.000000|0.000000|0.000000|10.000000|0.000000|0.000000|0.000000|0.000000|0.000000|2250.000000|0.000000|0.000000|0.000000|0.000000|0.000000|2250.000000|16200.000000|4000.000000|0.000000|0.000000|9532.000000|1.000000|35.000000|0.000000|0.000000|0.000000|1.000000|1000.000000|1000.000000
16:29:51|0.000000|0.000000|0.000000|0.000000|37.000000|1000.000000|1.000000|1.000000|35.000000|36.799999|39.500000|32.000000|39.000000|32.000000|8000.000000|100.000000|3000.000000|0.000000|0.000000|10.000000|0.000000|0.000000|0.000000|0.000000|0.000000|2250.000000|0.000000|0.000000|0.000000|0.000000|0.000000|2250.000000|16200.000000|4000.000000|0.000000|0.000000|9532.000000|1.000000|35.000000|0.000000|0.000000|0.000000|1.000000|1000.000000|1000.000000
16:29:59|0.000000|0.000000|0.000000|0.000000|37.000000|1000.000000|1.000000|1.000000|35.000000|36.799999|39.500000|32.000000|39.000000|32.000000|8000.000000|100.000000|3000.000000|0.000000|0.000000|10.000000|0.000000|0.000000|0.000000|0.000000|0.000000|2250.000000|0.000000|0.000000|0.000000|0.000000|0.000000|2250.000000|16200.000000|4000.000000|0.000000|0.000000|9532.000000|1.000000|35.000000|0.000000|0.000000|0.000000|1.000000|1000.000000|1000.000000
16:30:07|0.000000|0.000000|0.000000|0.000000|37.000000|1000.000000|1.000000|1.000000|35.000000|36.799999|39.500000|32.000000|39.000000|32.000000|8000.000000|100.000000|3000.000000|0.000000|0.000000|10.000000|0.000000|0.000000|0.000000|0.000000|0.000000|2250.000000|0.000000|0.000000|0.000000|0.000000|0.000000|2250.000000|16200.000000|4000.000000|0.000000|0.000000|9532.000000|1.000000|35.000000|0.000000|0.000000|0.000000|1.000000|1000.000000|1000.000000
16:30:15|0.000000|0.000000|0.000000|0.000000|37.000000|1000.000000|1.000000|1.000000|35.000000|36.799999|39.500000|32.000000|39.000000|32.000000|8000.000000|100.000000|3000.000000|0.000000|0.000000|10.000000|0.000000|0.000000|0.000000|0.000000|0.000000|2250.000000|0.000000|0.000000|0.000000|0.000000|0.000000|2250.000000|16200.000000|4000.000000|0.000000|0.000000|9532.000000|1.000000|35.000000|0.000000|0.000000|0.000000|1.000000|1000.000000|1000.000000
16:30:23|0.000000|0.000000|0.000000|0.000000|37.000000|1000.000000|1.000000|1.000000|35.000000|36.799999|39.500000|32.000000|39.000000|32.000000|8000.000000|100.000000|3000.000000|0.000000|0.000000|10.000000|0.000000|0.000000|0.000000|0.000000|0.000000|2250.000000|0.000000|0.000000|0.000000|0.000000|0.000000|2250.000000|16200.000000|4000.000000|0.000000|0.000000|9532.000000|1.000000|35.000000|0.000000|0.000000|0.000000|1.000000|1000.000000|1000.000000
16:30:31|0.000000|0.000000|0.000000|0.000000|37.000000|1000.000000|1.000000|1.000000|35.000000|36.799999|39.500000|32.000000|39.000000|32.000000|8000.000000|100.000000|3000.000000|0.000000|0.000000|10.000000|0.000000|0.000000|0.000000|0.000000|0.000000|2250.000000|0.000000|0.000000|0.000000|0.000000|0.000000|2250.000000|16200.000000|4000.000000|0.000000|0.000000|9532.000000|1.000000|35.000000|0.000000|0.000000|0.000000|1.000000|1000.000000|1000.000000
16:30:39|0.000000|0.000000|0.000000|0.000000|37.000000|1000.000000|1.000000|1.000000|35.000000|36.799999|39.500000|32.000000|39.000000|32.000000|8000.000000|100.000000|3000.000000|0.000000|0.000000|10.000000|0.000000|0.000000|0.000000|0.000000|0.000000|2250.000000|0.000000|0.000000|0.000000|0.000000|0.000000|2250.000000|16200.000000|4000.000000|0.000000|0.000000|9532.000000|1.000000|35.000000|0.000000|0.000000|0.000000|1.000000|1000.000000|1000.000000
16:30:47|0.000000|0.000000|0.000000|0.000000|37.000000|1000.000000|1.000000|1.000000|35.000000|36.799999|39.500000|32.000000|39.000000|32.000000|8000.000000|100.000000|3000.000000|0.000000|0.000000|10.000000|0.000000|0.000000|0.000000|0.000000|0.000000|2250.000000|0.000000|0.000000|0.000000|0.000000|0.000000|2250.000000|16200.000000|4000.000000|0.000000|0.000000|9532.000000|1.000000|35.000000|0.000000|0.000000|0.000000|1.000000|1000.000000|1000.000000
16:30:55|0.000000|0.000000|0.000000|0.000000|37.000000|1000.000000|1.000000|1.000000|35.000000|36.799999|39.500000|32.000000|39.000000|32.000000|8000.000000|100.000000|3000.000000|0.000000|0.000000|10.000000|0.000000|0.000000|0.000000|0.000000|0.000000|2250.000000|0.000000|0.000000|0.000000|0.000000|0.000000|2250.000000|16200.000000|4000.000000|0.000000|0.000000|9532.000000|1.000000|35.000000|0.000000|0.000000|0.000000|1.000000|1000.000000|1000.000000
16:31:03|0.000000|0.000000|0.000000|0.000000|37.000000|1000.000000|1.000000|1.000000|35.000000|36.799999|39.500000|32.000000|39.000000|32.000000|8000.000000|100.000000|3000.000000|0.000000|0.000000|10.000000|0.000000|0.000000|0.000000|0.000000|0.000000|2250.000000|0.000000|0.000000|0.000000|0.000000|0.000000|2250.000000|16200.000000|4000.000000|0.000000|0.000000|9532.000000|1.000000|35.000000|0.000000|0.000000|0.000000|1.000000|1000.000000|1000.000000
16:31:11|0.000000|0.000000|0.000000|0.000000|37.000000|1000.000000|1.000000|1.000000|35.000000|36.799999|39.500000|32.000000|39.000000|32.000000|8000.000000|100.000000|3000.000000|0.000000|0.000000|10.000000|0.000000|0.000000|0.000000|0.000000|0.000000|2250.000000|0.000000|0.000000|0.000000|0.000000|0.000000|2250.000000|16200.000000|4000.000000|0.000000|0.000000|9532.000000|1.000000|35.000000|0.000000|0.000000|0.000000|1.000000|1000.000000|1000.000000
16:31:19|0.000000|0.000000|0.000000|0.000000|37.000000|1000.000000|1.000000|1.000000|35.000000|36.799999|39.500000|32.000000|39.000000|32.000000|8000.000000|100.000000|3000.000000|0.000000|0.000000|10.000000|0.000000|0.000000|0.000000|0.000000|0.000000|2250.000000|0.000000|0.000000|0.000000|0.000000|0.000000|2250.000000|16200.000000|4000.000000|0.000000|0.000000|9532.000000|1.000000|35.000000|0.000000|0.000000|0.000000|1.000000|1000.000000|1000.000000
16:31:27|0.000000|0.000000|0.000000|0.000000|37.000000|1000.000000|1.000000|1.000000|35.000000|36.799999|39.500000|32.000000|39.000000|32.000000|8000.000000|100.000000|3000.000000|0.000000|0.000000|10.000000|0.000000|0.000000|0.000000|0.000000|0.000000|2250.000000|0.000000|0.000000|0.000000|0.000000|0.000000|2250.000000|16200.000000|4000.000000|0.000000|0.000000|9532.000000|1.000000|35.000000|0.000000|0.000000|0.000000|1.000000|1000.000000|1000.000000
16:31:35|0.000000|0.000000|0.000000|0.000000|37.000000|1000.000000|1.000000|1.000000|35.000000|36.799999|39.500000|32.000000|39.000000|32.000000|8000.000000|100.000000|3000.000000|0.000000|0.000000|10.000000|0.000000|0.000000|0.000000|0.000000|0.000000|2250.000000|0.000000|0.000000|0.000000|0.000000|0.000000|2250.000000|16200.000000|4000.000000|0.000000|0.000000|9532.000000|1.000000|35.000000|0.000000|0.000000|0.000000|1.000000|1000.000000|1000.000000
16:31:43|0.000000|0.000000|0.000000|0.000000|37.000000|1000.000000|1.000000|1.000000|35.000000|36.799999|39.500000|32.000000|39.000000|32.000000|8000.000000|100.000000|3000.000000|0.000000|0.000000|10.000000|0.000000|0.000000|0.000000|0.000000|0.000000|2250.000000|0.000000|0.000000|0.000000|0.000000|0.000000|2250.000000|16200.000000|4000.000000|0.000000|0.000000|9532.000000|1.000000|35.000000|0.000000|0.000000|0.000000|1.000000|1000.000000|1000.000000
16:31:51|0.000000|0.000000|0.000000|0.000000|37.000000|1000.000000|1.000000|1.000000|35.000000|36.799999|39.500000|32.000000|39.000000|32.000000|8000.000000|100.000000|3000.000000|0.000000|0.000000|10.000000|0.000000|0.000000|0.000000|0.000000|0.000000|2250.000000|0.000000|0.000000|0.000000|0.000000|0.000000|2250.000000|16200.000000|4000.000000|0.000000|0.000000|9532.000000|1.000000|35.000000|0.000000|0.000000|0.000000|1.000000|1000.000000|1000.000000
16:31:59|0.000000|0.000000|0.000000|0.000000|37.000000|1000.000000|1.000000|1.000000|35.000000|36.799999|39.500000|32.000000|39.000000|32.000000|8000.000000|100.000000|3000.000000|0.000000|0.000000|10.000000|0.000000|0.000000|0.000000|0.000000|0.000000|2250.000000|0.000000|0.000000|0.000000|0.000000|0.000000|2250.000000|16200.000000|4000.000000|0.000000|0.000000|9532.000000|1.000000|35.000000|0.000000|0.000000|0.000000|1.000000|1000.000000|1000.000000
16:32:07|0.000000|0.000000|0.000000|0.000000|37.000000|1000.000000|1.000000|1.000000|35.000000|36.799999|39.500000|32.000000|39.000000|32.000000|8000.000000|100.000000|3000.000000|0.000000|0.000000|10.000000|0.000000|0.000000|0.000000|0.000000|0.000000|2250.000000|0.000000|0.000000|0.000000|0.000000|0.000000|2250.000000|16200.000000|4000.000000|0.000000|0.000000|9532.000000|1.000000|35.000000|0.000000|0.000000|0.000000|1.000000|1000.000000|1000.000000
16:32:15|0.000000|0.000000|0.000000|0.000000|37.000000|1000.000000|1.000000|1.000000|35.000000|36.799999|39.500000|32.000000|39.000000|32.000000|8000.000000|100.000000|3000.000000|0.000000|0.000000|10.000000|0.000000|0.000000|0.000000|0.000000|0.000000|2250.000000|0.000000|0.000000|0.000000|0.000000|0.000000|2250.000000|16200.000000|4000.000000|0.000000|0.000000|9532.000000|1.000000|35.000000|0.000000|0.000000|0.000000|1.000000|1000.000000|1000.000000
16:32:23|0.000000|0.000000|0.000000|0.000000|37.000000|1000.000000|1.000000|1.000000|35.000000|36.799999|39.500000|32.000000|39.000000|32.000000|8000.000000|100.000000|3000.000000|0.000000|0.000000|10.000000|0.000000|0.000000|0.000000|0.000000|0.000000|2250.000000|0.000000|0.000000|0.000000|0.000000|0.000000|2250.000000|16200.000000|4000.000000|0.000000|0.000000|9532.000000|1.000000|35.000000|0.000000|0.000000|0.000000|1.000000|1000.000000|1000.000000
16:32:31|0.000000|0.000000|0.000000|0.000000|37.000000|1000.000000|1.000000|1.000000|35.000000|36.799999|39.500000|32.000000|39.000000|32.000000|8000.000000|100.000000|3000.000000|0.000000|0.000000|10.000000|0.000000|0.000000|0.000000|0.000000|0.000000|2250.000000|0.000000|0.000000|0.000000|0.000000|0.000000|2250.000000|16200.000000|4000.000000|0.000000|0.000000|9532.000000|1.000000|35.000000|0.000000|0.000000|0.000000|1.000000|1000.000000|1000.000000
16:32:39|0.000000|0.000000|0.000000|0.000000|37.000000|1000.000000|1.000000|1.000000|35.000000|36.799999|39.500000|32.000000|39.000000|32.000000|8000.000000|100.000000|3000.000000|0.000000|0.000000|10.000000|0.000000|0.000000|0.000000|0.000000|0.000000|2250.000000|0.000000|0.000000|0.000000|0.000000|0.000000|2250.000000|16200.000000|4000.000000|0.000000|0.000000|9532.000000|1.000000|35.000000|0.000000|0.000000|0.000000|1.000000|1000.000000|1000.000000
16:32:47|0.000000|0.000000|0.000000|0.000000|37.000000|1000.000000|1.000000|1.000000|35.000000|36.799999|39.500000|32.000000|39.000000|32.000000|8000.000000|100.000000|3000.000000|0.000000|0.000000|10.000000|0.000000|0.000000|0.000000|0.000000|0.000000|2250.000000|0.000000|0.000000|0.000000|0.000000|0.000000|2250.000000|16200.000000|4000.000000|0.000000|0.000000|9532.000000|1.000000|35.000000|0.000000|0.000000|0.000000|1.000000|1000.000000|1000.000000
16:32:55|0.000000|0.000000|0.000000|0.000000|37.000000|1000.000000|1.000000|1.000000|35.000000|36.799999|39.500000|32.000000|39.000000|32.000000|8000.000000|100.000000|3000.000000|0.000000|0.000000|10.000000|0.000000|0.000000|0.000000|0.000000|0.000000|2250.000000|0.000000|0.000000|0.000000|0.000000|0.000000|2250.000000|16200.000000|4000.000000|0.000000|0.000000|9532.000000|1.000000|35.000000|0.000000|0.000000|0.000000|1.000000|1000.000000|1000.000000
16:33:03|0.000000|0.000000|0.000000|0.000000|37.000000|1000.000000|1.000000|1.000000|35.000000|36.799999|39.500000|32.000000|39.000000|32.000000|8000.000000|100.000000|3000.000000|0.000000|0.000000|10.000000|0.000000|0.000000|0.000000|0.000000|0.000000|2250.000000|0.000000|0.000000|0.000000|0.000000|0.000000|2250.000000|16200.000000|4000.000000|0.000000|0.000000|9532.000000|1.000000|35.000000|0.000000|0.000000|0.000000|1.000000|1000.000000|1000.000000
16:33:11|0.000000|0.000000|0.000000|0.000000|37.000000|1000.000000|1.000000|1.000000|35.000000|36.799999|39.500000|32.000000|39.000000|32.000000|8000.000000|100.000000|3000.000000|0.000000|0.000000|10.000000|0.000000|0.000000|0.000000|0.000000|0.000000|2250.000000|0.000000|0.000000|0.000000|0.000000|0.000000|2250.000000|16200.000000|4000.000000|0.000000|0.000000|9532.000000|1.000000|35.000000|0.000000|0.000000|0.000000|1.000000|1000.000000|1000.000000
16:33:19|0.000000|0.000000|0.000000|0.000000|37.000000|1000.000000|1.000000|1.000000|35.000000|36.799999|39.500000|32.000000|39.000000|32.000000|8000.000000|100.000000|3000.000000|0.000000|0.000000|10.000000|0.000000|0.000000|0.000000|0.000000|0.000000|2250.000000|0.000000|0.000000|0.000000|0.000000|0.000000|2250.000000|16200.000000|4000.000000|0.000000|0.000000|9532.000000|1.000000|35.000000|0.000000|0.000000|0.000000|1.000000|1000.000000|1000.000000
16:33:27|0.000000|0.000000|0.000000|0.000000|37.000000|1000.000000|1.000000|1.000000|35.000000|36.799999|39.500000|32.000000|39.000000|32.000000|8000.000000|100.000000|3000.000000|0.000000|0.000000|10.000000|0.000000|0.000000|0.000000|0.000000|0.000000|2250.000000|0.000000|0.000000|0.000000|0.000000|0.000000|2250.000000|16200.000000|4000.000000|0.000000|0.000000|9532.000000|1.000000|35.000000|0.000000|0.000000|0.000000|1.000000|1000.000000|1000.000000
16:37:31|0.000000|0.000000|0.000000|0.000000|37.000000|1000.000000|1.000000|1.000000|35.000000|36.799999|39.500000|32.000000|39.000000|32.000000|8000.000000|100.000000|3000.000000|1.000000|20.000000|0.000000|20.000000|4000.000000|-4000.000000|4000.000000|5532.000000|532.000000|0.000000|0.000000|5000.000000|4468.000000|5532.000000|532.000000|4000.000000|4000.000000|4000.000000|8468.000000|9532.000000|1.000000|35.000000|0.000000|0.000000|0.000000|1.000000|1000.000000|1234000.000000
16:37:39|0.000000|0.000000|0.000000|0.000000|37.000000|1000.000000|1.000000|1.000000|35.000000|36.799999|39.500000|32.000000|39.000000|32.000000|8000.000000|100.000000|3000.000000|0.000000|0.000000|10.000000|0.000000|0.000000|0.000000|0.000000|0.000000|2250.000000|0.000000|0.000000|0.000000|0.000000|0.000000|2250.000000|16200.000000|4000.000000|0.000000|0.000000|9532.000000|1.000000|35.000000|0.000000|0.000000|0.000000|1.000000|1000.000000|1234000.000000
16:37:47|0.000000|0.000000|0.000000|0.000000|37.000000|1000.000000|1.000000|1.000000|35.000000|36.799999|39.500000|32.000000|39.000000|32.000000|8000.000000|100.000000|3000.000000|0.000000|0.000000|10.000000|0.000000|0.000000|0.000000|0.000000|0.000000|2250.000000|0.000000|0.000000|0.000000|0.000000|0.000000|2250.000000|16200.000000|4000.000000|0.000000|0.000000|9532.000000|1.000000|35.000000|0.000000|0.000000|0.000000|1.000000|1000.000000|1234000.000000
16:37:55|0.000000|0.000000|0.000000|0.000000|37.000000|1000.000000|1.000000|1.000000|35.000000|36.799999|39.500000|32.000000|39.000000|32.000000|8000.000000|100.000000|3000.000000|0.000000|0.000000|10.000000|0.000000|0.000000|0.000000|0.000000|0.000000|2250.000000|0.000000|0.000000|0.000000|0.000000|0.000000|2250.000000|16200.000000|4000.000000|0.000000|0.000000|9532.000000|1.000000|35.000000|0.000000|0.000000|0.000000|1.000000|1000.000000|1234000.000000
16:38:03|0.000000|0.000000|0.000000|0.000000|37.000000|1000.000000|1.000000|1.000000|35.000000|36.799999|39.500000|32.000000|39.000000|32.000000|8000.000000|100.000000|3000.000000|0.000000|0.000000|10.000000|0.000000|0.000000|0.000000|0.000000|0.000000|2250.000000|0.000000|0.000000|0.000000|0.000000|0.000000|2250.000000|16200.000000|4000.000000|0.000000|0.000000|9532.000000|1.000000|35.000000|0.000000|0.000000|0.000000|1.000000|1000.000000|1234000.000000
16:38:11|0.000000|0.000000|0.000000|0.000000|37.000000|1000.000000|1.000000|1.000000|35.000000|36.799999|39.500000|32.000000|39.000000|32.000000|8000.000000|100.000000|3000.000000|0.000000|0.000000|10.000000|0.000000|0.000000|0.000000|0.000000|0.000000|2250.000000|0.000000|0.000000|0.000000|0.000000|0.000000|2250.000000|16200.000000|4000.000000|0.000000|0.000000|9532.000000|1.000000|35.000000|0.000000|0.000000|0.000000|1.000000|1000.000000|1234000.000000
16:38:19|0.000000|0.000000|0.000000|0.000000|37.000000|1000.000000|1.000000|1.000000|35.000000|36.799999|39.500000|32.000000|39.000000|32.000000|8000.000000|100.000000|3000.000000|0.000000|0.000000|10.000000|0.000000|0.000000|0.000000|0.000000|0.000000|2250.000000|0.000000|0.000000|0.000000|0.000000|0.000000|2250.000000|16200.000000|4000.000000|0.000000|0.000000|9532.000000|1.000000|35.000000|0.000000|0.000000|0.000000|1.000000|1000.000000|1234000.000000
16:38:27|0.000000|0.000000|0.000000|0.000000|37.000000|1000.000000|1.000000|1.000000|35.000000|36.799999|39.500000|32.000000|39.000000|32.000000|8000.000000|100.000000|3000.000000|0.000000|0.000000|10.000000|0.000000|0.000000|0.000000|0.000000|0.000000|2250.000000|0.000000|0.000000|0.000000|0.000000|0.000000|2250.000000|16200.000000|4000.000000|0.000000|0.000000|9532.000000|1.000000|35.000000|0.000000|0.000000|0.000000|1.000000|1000.000000|1458000.000000
16:38:35|0.000000|0.000000|0.000000|0.000000|37.000000|1000.000000|1.000000|1.000000|35.000000|36.799999|39.500000|32.000000|39.000000|32.000000|8000.000000|100.000000|3000.000000|0.000000|0.000000|10.000000|0.000000|0.000000|0.000000|0.000000|0.000000|2250.000000|0.000000|0.000000|0.000000|0.000000|0.000000|2250.000000|16200.000000|4000.000000|0.000000|0.000000|9532.000000|1.000000|35.000000|0.000000|0.000000|0.000000|1.000000|1000.000000|1458000.000000
16:38:43|0.000000|0.000000|0.000000|0.000000|37.000000|1000.000000|1.000000|1.000000|35.000000|36.799999|39.500000|32.000000|39.000000|32.000000|8000.000000|100.000000|3000.000000|0.000000|0.000000|10.000000|0.000000|0.000000|0.000000|0.000000|0.000000|2250.000000|0.000000|0.000000|0.000000|0.000000|0.000000|2250.000000|16200.000000|4000.000000|0.000000|0.000000|9532.000000|1.000000|35.000000|0.000000|0.000000|0.000000|1.000000|1000.000000|1458000.000000
16:38:51|0.000000|0.000000|0.000000|0.000000|37.000000|1000.000000|1.000000|1.000000|35.000000|36.799999|39.500000|32.000000|39.000000|32.000000|8000.000000|100.000000|3000.000000|0.000000|0.000000|10.000000|0.000000|0.000000|0.000000|0.000000|0.000000|2250.000000|0.000000|0.000000|0.000000|0.000000|0.000000|2250.000000|16200.000000|4000.000000|0.000000|0.000000|9532.000000|1.000000|35.000000|0.000000|0.000000|0.000000|1.000000|1000.000000|1458000.000000
16:38:59|0.000000|0.000000|0.000000|0.000000|37.000000|1000.000000|1.000000|1.000000|35.000000|36.799999|39.500000|32.000000|39.000000|32.000000|8000.000000|100.000000|3000.000000|0.000000|0.000000|10.000000|0.000000|0.000000|0.000000|0.000000|0.000000|2250.000000|0.000000|0.000000|0.000000|0.000000|0.000000|2250.000000|16200.000000|4000.000000|0.000000|0.000000|9532.000000|1.000000|35.000000|0.000000|0.000000|0.000000|1.000000|1000.000000|1458000.000000
16:39:07|0.000000|0.000000|0.000000|0.000000|37.000000|1000.000000|1.000000|1.000000|35.000000|36.799999|39.500000|32.000000|39.000000|32.000000|8000.000000|100.000000|3000.000000|0.000000|0.000000|10.000000|0.000000|0.000000|0.000000|0.000000|0.000000|2250.000000|0.000000|0.000000|0.000000|0.000000|0.000000|2250.000000|16200.000000|4000.000000|0.000000|0.000000|9532.000000|1.000000|35.000000|0.000000|0.000000|0.000000|1.000000|1000.000000|1458000.000000
16:39:15|0.000000|0.000000|0.000000|0.000000|37.000000|1000.000000|1.000000|1.000000|35.000000|36.799999|39.500000|32.000000|39.000000|32.000000|8000.000000|100.000000|3000.000000|0.000000|0.000000|10.000000|0.000000|0.000000|0.000000|0.000000|0.000000|2250.000000|0.000000|0.000000|0.000000|0.000000|0.000000|2250.000000|16200.000000|4000.000000|0.000000|0.000000|9532.000000|1.000000|35.000000|0.000000|0.000000|0.000000|1.000000|1000.000000|1458000.000000
16:39:23|0.000000|0.000000|0.000000|0.000000|37.000000|1000.000000|1.000000|1.000000|35.000000|36.799999|39.500000|32.000000|39.000000|32.000000|8000.000000|100.000000|3000.000000|0.000000|0.000000|10.000000|0.000000|0.000000|0.000000|0.000000|0.000000|2250.000000|0.000000|0.000000|0.000000|0.000000|0.000000|2250.000000|16200.000000|4000.000000|0.000000|0.000000|9532.000000|1.000000|35.000000|0.000000|0.000000|0.000000|1.000000|1000.000000|1458000.000000
16:39:31|0.000000|0.000000|0.000000|0.000000|37.000000|1000.000000|1.000000|1.000000|35.000000|36.799999|39.500000|32.000000|39.000000|32.000000|8000.000000|100.000000|3000.000000|0.000000|0.000000|10.000000|0.000000|0.000000|0.000000|0.000000|0.000000|2250.000000|0.000000|0.000000|0.000000|0.000000|0.000000|2250.000000|16200.000000|4000.000000|0.000000|0.000000|9532.000000|1.000000|35.000000|0.000000|0.000000|0.000000|1.000000|1000.000000|1458000.000000
16:39:40|0.000000|0.000000|0.000000|0.000000|37.000000|1000.000000|1.000000|1.000000|35.000000|36.799999|39.500000|32.000000|39.000000|32.000000|8000.000000|100.000000|3000.000000|0.000000|0.000000|10.000000|0.000000|0.000000|0.000000|0.000000|0.000000|2250.000000|0.000000|0.000000|0.000000|0.000000|0.000000|2250.000000|16200.000000|4000.000000|0.000000|0.000000|9532.000000|1.000000|35.000000|0.000000|0.000000|0.000000|1.000000|1000.000000|1458000.000000
16:39:48|0.000000|0.000000|0.000000|0.000000|37.000000|1000.000000|1.000000|1.000000|35.000000|36.799999|39.500000|32.000000|39.000000|32.000000|8000.000000|100.000000|3000.000000|0.000000|0.000000|10.000000|0.000000|0.000000|0.000000|0.000000|0.000000|2250.000000|0.000000|0.000000|0.000000|0.000000|0.000000|2250.000000|16200.000000|4000.000000|0.000000|0.000000|9532.000000|1.000000|35.000000|0.000000|0.000000|0.000000|1.000000|1000.000000|1458000.000000
16:41:50|0.000000|0.000000|0.000000|0.000000|37.000000|1000.000000|1.000000|1.000000|35.000000|36.799999|39.500000|32.000000|39.000000|32.000000|8000.000000|100.000000|3000.000000|0.000000|0.000000|10.000000|0.000000|0.000000|0.000000|0.000000|0.000000|2250.000000|0.000000|0.000000|0.000000|0.000000|0.000000|2250.000000|16200.000000|4000.000000|0.000000|0.000000|9532.000000|1.000000|35.000000|0.000000|0.000000|0.000000|1.000000|1000.000000|1458000.000000
16:48:45|0.000000|0.000000|0.000000|0.000000|37.000000|1000.000000|1.000000|1.000000|35.000000|36.799999|39.500000|32.000000|39.000000|32.000000|8000.000000|100.000000|3000.000000|0.000000|0.000000|10.000000|0.000000|0.000000|0.000000|0.000000|5532.000000|2250.000000|0.000000|0.000000|0.000000|0.000000|0.000000|532.000000|16200.000000|4000.000000|0.000000|0.000000|9532.000000|1.000000|35.000000|0.000000|0.000000|0.000000|1.000000|1000.000000|1000.000000
16:48:53|0.000000|0.000000|0.000000|0.000000|37.000000|1000.000000|1.000000|1.000000|35.000000|36.799999|39.500000|32.000000|39.000000|32.000000|8000.000000|100.000000|3000.000000|0.000000|0.000000|10.000000|0.000000|0.000000|0.000000|0.000000|0.000000|2250.000000|0.000000|0.000000|0.000000|0.000000|0.000000|2250.000000|16200.000000|4000.000000|0.000000|0.000000|9532.000000|1.000000|35.000000|0.000000|0.000000|0.000000|1.000000|1000.000000|1000.000000
16:49:01|0.000000|0.000000|0.000000|0.000000|37.000000|1000.000000|1.000000|1.000000|35.000000|36.799999|39.500000|32.000000|39.000000|32.000000|8000.000000|100.000000|3000.000000|0.000000|0.000000|10.000000|0.000000|0.000000|0.000000|0.000000|0.000000|2250.000000|0.000000|0.000000|0.000000|0.000000|0.000000|2250.000000|16200.000000|4000.000000|0.000000|0.000000|9532.000000|1.000000|35.000000|0.000000|0.000000|0.000000|1.000000|1000.000000|1000.000000
16:49:24|0.000000|0.000000|0.000000|0.000000|37.000000|1000.000000|1.000000|1.000000|35.000000|36.799999|39.500000|32.000000|39.000000|32.000000|8000.000000|100.000000|3000.000000|0.000000|0.000000|10.000000|0.000000|0.000000|0.000000|0.000000|0.000000|2250.000000|0.000000|0.000000|0.000000|0.000000|0.000000|2250.000000|16200.000000|4000.000000|0.000000|0.000000|9532.000000|1.000000|35.000000|0.000000|0.000000|0.000000|1.000000|1000.000000|1458000.000000
16:49:34|0.000000|0.000000|0.000000|0.000000|37.000000|1000.000000|1.000000|1.000000|35.000000|36.799999|39.500000|32.000000|39.000000|32.000000|8000.000000|100.000000|3000.000000|0.000000|0.000000|10.000000|0.000000|0.000000|0.000000|0.000000|0.000000|2250.000000|0.000000|0.000000|0.000000|0.000000|0.000000|2250.000000|16200.000000|4000.000000|0.000000|0.000000|9532.000000|1.000000|35.000000|0.000000|0.000000|0.000000|1.000000|1000.000000|1458000.000000
16:58:07|0.000000|0.000000|0.000000|0.000000|37.000000|1000.000000|1.000000|1.000000|35.000000|36.799999|39.500000|32.000000|39.000000|32.000000|8000.000000|100.000000|3000.000000|1.000000|20.000000|0.000000|20.000000|4000.000000|-4000.000000|4000.000000|5532.000000|532.000000|0.000000|0.000000|5000.000000|4468.000000|5532.000000|532.000000|4000.000000|4000.000000|4000.000000|8468.000000|9532.000000|1.000000|35.000000|0.000000|0.000000|0.000000|1.000000|1000.000000|1000.000000
16:58:15|0.000000|0.000000|0.000000|0.000000|37.000000|1000.000000|1.000000|1.000000|35.000000|36.799999|39.500000|32.000000|39.000000|32.000000|8000.000000|100.000000|3000.000000|0.000000|0.000000|10.000000|0.000000|0.000000|0.000000|0.000000|0.000000|2250.000000|0.000000|0.000000|0.000000|0.000000|0.000000|2250.000000|16200.000000|4000.000000|0.000000|0.000000|9532.000000|1.000000|35.000000|0.000000|0.000000|0.000000|1.000000|1000.000000|1000.000000
16:58:28|0.000000|0.000000|0.000000|0.000000|37.000000|1000.000000|1.000000|1.000000|35.000000|36.799999|39.500000|32.000000|39.000000|32.000000|8000.000000|100.000000|3000.000000|0.000000|0.000000|10.000000|0.000000|0.000000|0.000000|0.000000|0.000000|2250.000000|0.000000|0.000000|0.000000|0.000000|0.000000|2250.000000|16200.000000|4000.000000|0.000000|0.000000|9532.000000|1.000000|35.000000|0.000000|0.000000|0.000000|1.000000|1000.000000|1458000.000000
16:58:36|0.000000|0.000000|0.000000|0.000000|37.000000|1000.000000|1.000000|1.000000|35.000000|36.799999|39.500000|32.000000|39.000000|32.000000|8000.000000|100.000000|3000.000000|0.000000|0.000000|10.000000|0.000000|0.000000|0.000000|0.000000|0.000000|2250.000000|0.000000|0.000000|0.000000|0.000000|0.000000|2250.000000|16200.000000|4000.000000|0.000000|0.000000|9532.000000|1.000000|35.000000|0.000000|0.000000|0.000000|1.000000|1000.000000|1458000.000000
16:58:44|0.000000|0.000000|0.000000|0.000000|37.000000|1000.000000|1.000000|1.000000|35.000000|36.799999|39.500000|32.000000|39.000000|32.000000|8000.000000|100.000000|3000.000000|0.000000|0.000000|10.000000|0.000000|0.000000|0.000000|0.000000|0.000000|2250.000000|0.000000|0.000000|0.000000|0.000000|0.000000|2250.000000|16200.000000|4000.000000|0.000000|0.000000|9532.000000|1.000000|35.000000|0.000000|0.000000|0.000000|1.000000|1000.000000|1458000.000000
16:58:52|0.000000|0.000000|0.000000|0.000000|37.000000|1000.000000|1.000000|1.000000|35.000000|36.799999|39.500000|32.000000|39.000000|32.000000|8000.000000|100.000000|3000.000000|0.000000|0.000000|10.000000|0.000000|0.000000|0.000000|0.000000|0.000000|2250.000000|0.000000|0.000000|0.000000|0.000000|0.000000|2250.000000|16200.000000|4000.000000|0.000000|0.000000|9532.000000|1.000000|35.000000|0.000000|0.000000|0.000000|1.000000|1000.000000|1458000.000000
16:59:00|0.000000|0.000000|0.000000|0.000000|37.000000|1000.000000|1.000000|1.000000|35.000000|36.799999|39.500000|32.000000|39.000000|32.000000|8000.000000|100.000000|3000.000000|0.000000|0.000000|10.000000|0.000000|0.000000|0.000000|0.000000|0.000000|2250.000000|0.000000|0.000000|0.000000|0.000000|0.000000|2250.000000|16200.000000|4000.000000|0.000000|0.000000|9532.000000|1.000000|35.000000|0.000000|0.000000|0.000000|1.000000|1000.000000|1458000.000000
17:00:55|0.000000|0.000000|0.000000|0.000000|37.000000|1000.000000|1.000000|1.000000|35.000000|36.799999|39.500000|32.000000|39.000000|32.000000|8000.000000|100.000000|3000.000000|0.000000|0.000000|10.000000|0.000000|0.000000|0.000000|0.000000|0.000000|2250.000000|0.000000|0.000000|0.000000|0.000000|0.000000|2250.000000|16200.000000|4000.000000|0.000000|0.000000|9532.000000|1.000000|35.000000|0.000000|0.000000|0.000000|1.000000|1000.000000|1458000.000000
17:01:03|0.000000|0.000000|0.000000|0.000000|37.000000|1000.000000|1.000000|1.000000|35.000000|36.799999|39.500000|32.000000|39.000000|32.000000|8000.000000|100.000000|3000.000000|0.000000|0.000000|10.000000|0.000000|0.000000|0.000000|0.000000|0.000000|2250.000000|0.000000|0.000000|0.000000|0.000000|0.000000|2250.000000|16200.000000|4000.000000|0.000000|0.000000|9532.000000|1.000000|35.000000|0.000000|0.000000|0.000000|1.000000|1000.000000|1458000.000000
17:01:19|0.000000|0.000000|0.000000|0.000000|37.000000|1000.000000|1.000000|1.000000|35.000000|36.799999|39.500000|32.000000|39.000000|32.000000|8000.000000|100.000000|3000.000000|0.000000|0.000000|10.000000|0.000000|0.000000|0.000000|0.000000|0.000000|2250.000000|0.000000|0.000000|0.000000|0.000000|0.000000|2250.000000|16200.000000|4000.000000|0.000000|0.000000|9532.000000|1.000000|35.000000|0.000000|0.000000|0.000000|1.000000|1000.000000|1458000.000000
17:01:27|0.000000|0.000000|0.000000|0.000000|37.000000|1000.000000|1.000000|1.000000|35.000000|36.799999|39.500000|32.000000|39.000000|32.000000|8000.000000|100.000000|3000.000000|0.000000|0.000000|10.000000|0.000000|0.000000|0.000000|0.000000|0.000000|2250.000000|0.000000|0.000000|0.000000|0.000000|0.000000|2250.000000|16200.000000|4000.000000|0.000000|0.000000|9532.000000|1.000000|35.000000|0.000000|0.000000|0.000000|1.000000|1000.000000|1458000.000000
17:01:35|0.000000|0.000000|0.000000|0.000000|37.000000|1000.000000|1.000000|1.000000|35.000000|36.799999|39.500000|32.000000|39.000000|32.000000|8000.000000|100.000000|3000.000000|0.000000|0.000000|10.000000|0.000000|0.000000|0.000000|0.000000|0.000000|2250.000000|0.000000|0.000000|0.000000|0.000000|0.000000|2250.000000|16200.000000|4000.000000|0.000000|0.000000|9532.000000|1.000000|35.000000|0.000000|0.000000|0.000000|1.000000|1000.000000|1458000.000000
17:01:43|0.000000|0.000000|0.000000|0.000000|37.000000|1000.000000|1.000000|1.000000|35.000000|36.799999|39.500000|32.000000|39.000000|32.000000|8000.000000|100.000000|3000.000000|0.000000|0.000000|10.000000|0.000000|0.000000|0.000000|0.000000|0.000000|2250.000000|0.000000|0.000000|0.000000|0.000000|0.000000|2250.000000|16200.000000|4000.000000|0.000000|0.000000|9532.000000|1.000000|35.000000|0.000000|0.000000|0.000000|1.000000|1000.000000|1458000.000000
17:01:51|0.000000|0.000000|0.000000|0.000000|37.000000|1000.000000|1.000000|1.000000|35.000000|36.799999|39.500000|32.000000|39.000000|32.000000|8000.000000|100.000000|3000.000000|0.000000|0.000000|10.000000|0.000000|0.000000|0.000000|0.000000|0.000000|2250.000000|0.000000|0.000000|0.000000|0.000000|0.000000|2250.000000|16200.000000|4000.000000|0.000000|0.000000|9532.000000|1.000000|35.000000|0.000000|0.000000|0.000000|1.000000|1000.000000|1458000.000000
17:01:59|0.000000|0.000000|0.000000|0.000000|37.000000|1000.000000|1.000000|1.000000|35.000000|36.799999|39.500000|32.000000|39.000000|32.000000|8000.000000|100.000000|3000.000000|0.000000|0.000000|10.000000|0.000000|0.000000|0.000000|0.000000|0.000000|2250.000000|0.000000|0.000000|0.000000|0.000000|0.000000|2250.000000|16200.000000|4000.000000|0.000000|0.000000|9532.000000|1.000000|35.000000|0.000000|0.000000|0.000000|1.000000|1000.000000|1458000.000000
17:02:07|0.000000|0.000000|0.000000|0.000000|37.000000|1000.000000|1.000000|1.000000|35.000000|36.799999|39.500000|32.000000|39.000000|32.000000|8000.000000|100.000000|3000.000000|0.000000|0.000000|10.000000|0.000000|0.000000|0.000000|0.000000|0.000000|2250.000000|0.000000|0.000000|0.000000|0.000000|0.000000|2250.000000|16200.000000|4000.000000|0.000000|0.000000|9532.000000|1.000000|35.000000|0.000000|0.000000|0.000000|1.000000|1000.000000|1458000.000000
17:02:15|0.000000|0.000000|0.000000|0.000000|37.000000|1000.000000|1.000000|1.000000|35.000000|36.799999|39.500000|32.000000|39.000000|32.000000|8000.000000|100.000000|3000.000000|0.000000|0.000000|10.000000|0.000000|0.000000|0.000000|0.000000|0.000000|2250.000000|0.000000|0.000000|0.000000|0.000000|0.000000|2250.000000|16200.000000|4000.000000|0.000000|0.000000|9532.000000|1.000000|35.000000|0.000000|0.000000|0.000000|1.000000|1000.000000|1458000.000000
17:02:23|0.000000|0.000000|0.000000|0.000000|37.000000|1000.000000|1.000000|1.000000|35.000000|36.799999|39.500000|32.000000|39.000000|32.000000|8000.000000|100.000000|3000.000000|0.000000|0.000000|10.000000|0.000000|0.000000|0.000000|0.000000|0.000000|2250.000000|0.000000|0.000000|0.000000|0.000000|0.000000|2250.000000|16200.000000|4000.000000|0.000000|0.000000|9532.000000|1.000000|35.000000|0.000000|0.000000|0.000000|1.000000|1000.000000|1458000.000000
17:02:31|0.000000|0.000000|0.000000|0.000000|37.000000|1000.000000|1.000000|1.000000|35.000000|36.799999|39.500000|32.000000|39.000000|32.000000|8000.000000|100.000000|3000.000000|0.000000|0.000000|10.000000|0.000000|0.000000|0.000000|0.000000|0.000000|2250.000000|0.000000|0.000000|0.000000|0.000000|0.000000|2250.000000|16200.000000|4000.000000|0.000000|0.000000|9532.000000|1.000000|35.000000|0.000000|0.000000|0.000000|1.000000|1000.000000|1458000.000000
17:02:39|0.000000|0.000000|0.000000|0.000000|37.000000|1000.000000|1.000000|1.000000|35.000000|36.799999|39.500000|32.000000|39.000000|32.000000|8000.000000|100.000000|3000.000000|0.000000|0.000000|10.000000|0.000000|0.000000|0.000000|0.000000|0.000000|2250.000000|0.000000|0.000000|0.000000|0.000000|0.000000|2250.000000|16200.000000|4000.000000|0.000000|0.000000|9532.000000|1.000000|35.000000|0.000000|0.000000|0.000000|1.000000|1000.000000|1458000.000000
17:02:47|0.000000|0.000000|0.000000|0.000000|37.000000|1000.000000|1.000000|1.000000|35.000000|36.799999|39.500000|32.000000|39.000000|32.000000|8000.000000|100.000000|3000.000000|0.000000|0.000000|10.000000|0.000000|0.000000|0.000000|0.000000|0.000000|2250.000000|0.000000|0.000000|0.000000|0.000000|0.000000|2250.000000|16200.000000|4000.000000|0.000000|0.000000|9532.000000|1.000000|35.000000|0.000000|0.000000|0.000000|1.000000|1000.000000|1458000.000000
17:02:55|0.000000|0.000000|0.000000|0.000000|37.000000|1000.000000|1.000000|1.000000|35.000000|36.799999|39.500000|32.000000|39.000000|32.000000|8000.000000|100.000000|3000.000000|0.000000|0.000000|10.000000|0.000000|0.000000|0.000000|0.000000|0.000000|2250.000000|0.000000|0.000000|0.000000|0.000000|0.000000|2250.000000|16200.000000|4000.000000|0.000000|0.000000|9532.000000|1.000000|35.000000|0.000000|0.000000|0.000000|1.000000|1000.000000|1458000.000000
17:03:03|0.000000|0.000000|0.000000|0.000000|37.000000|1000.000000|1.000000|1.000000|35.000000|36.799999|39.500000|32.000000|39.000000|32.000000|8000.000000|100.000000|3000.000000|0.000000|0.000000|10.000000|0.000000|0.000000|0.000000|0.000000|0.000000|2250.000000|0.000000|0.000000|0.000000|0.000000|0.000000|2250.000000|16200.000000|4000.000000|0.000000|0.000000|9532.000000|1.000000|35.000000|0.000000|0.000000|0.000000|1.000000|1000.000000|1458000.000000
17:03:11|0.000000|0.000000|0.000000|0.000000|37.000000|1000.000000|1.000000|1.000000|35.000000|36.799999|39.500000|32.000000|39.000000|32.000000|8000.000000|100.000000|3000.000000|0.000000|0.000000|10.000000|0.000000|0.000000|0.000000|0.000000|0.000000|2250.000000|0.000000|0.000000|0.000000|0.000000|0.000000|2250.000000|16200.000000|4000.000000|0.000000|0.000000|9532.000000|1.000000|35.000000|0.000000|0.000000|0.000000|1.000000|1000.000000|1458000.000000
17:03:19|0.000000|0.000000|0.000000|0.000000|37.000000|1000.000000|1.000000|1.000000|35.000000|36.799999|39.500000|32.000000|39.000000|32.000000|8000.000000|100.000000|3000.000000|0.000000|0.000000|10.000000|0.000000|0.000000|0.000000|0.000000|0.000000|2250.000000|0.000000|0.000000|0.000000|0.000000|0.000000|2250.000000|16200.000000|4000.000000|0.000000|0.000000|9532.000000|1.000000|35.000000|0.000000|0.000000|0.000000|1.000000|1000.000000|1458000.000000
17:03:27|0.000000|0.000000|0.000000|0.000000|37.000000|1000.000000|1.000000|1.000000|35.000000|36.799999|39.500000|32.000000|39.000000|32.000000|8000.000000|100.000000|3000.000000|0.000000|0.000000|10.000000|0.000000|0.000000|0.000000|0.000000|0.000000|2250.000000|0.000000|0.000000|0.000000|0.000000|0.000000|2250.000000|16200.000000|4000.000000|0.000000|0.000000|9532.000000|1.000000|35.000000|0.000000|0.000000|0.000000|1.000000|1000.000000|1458000.000000
17:03:35|0.000000|0.000000|0.000000|0.000000|37.000000|1000.000000|1.000000|1.000000|35.000000|36.799999|39.500000|32.000000|39.000000|32.000000|8000.000000|100.000000|3000.000000|0.000000|0.000000|10.000000|0.000000|0.000000|0.000000|0.000000|0.000000|2250.000000|0.000000|0.000000|0.000000|0.000000|0.000000|2250.000000|16200.000000|4000.000000|0.000000|0.000000|9532.000000|1.000000|35.000000|0.000000|0.000000|0.000000|1.000000|1000.000000|1458000.000000
17:03:43|0.000000|0.000000|0.000000|0.000000|37.000000|1000.000000|1.000000|1.000000|35.000000|36.799999|39.500000|32.000000|39.000000|32.000000|8000.000000|100.000000|3000.000000|0.000000|0.000000|10.000000|0.000000|0.000000|0.000000|0.000000|0.000000|2250.000000|0.000000|0.000000|0.000000|0.000000|0.000000|2250.000000|16200.000000|4000.000000|0.000000|0.000000|9532.000000|1.000000|35.000000|0.000000|0.000000|0.000000|1.000000|1000.000000|1458000.000000
17:03:51|0.000000|0.000000|0.000000|0.000000|37.000000|1000.000000|1.000000|1.000000|35.000000|36.799999|39.500000|32.000000|39.000000|32.000000|8000.000000|100.000000|3000.000000|0.000000|0.000000|10.000000|0.000000|0.000000|0.000000|0.000000|0.000000|2250.000000|0.000000|0.000000|0.000000|0.000000|0.000000|2250.000000|16200.000000|4000.000000|0.000000|0.000000|9532.000000|1.000000|35.000000|0.000000|0.000000|0.000000|1.000000|1000.000000|1458000.000000
17:03:59|0.000000|0.000000|0.000000|0.000000|37.000000|1000.000000|1.000000|1.000000|35.000000|36.799999|39.500000|32.000000|39.000000|32.000000|8000.000000|100.000000|3000.000000|0.000000|0.000000|10.000000|0.000000|0.000000|0.000000|0.000000|0.000000|2250.000000|0.000000|0.000000|0.000000|0.000000|0.000000|2250.000000|16200.000000|4000.000000|0.000000|0.000000|9532.000000|1.000000|35.000000|0.000000|0.000000|0.000000|1.000000|1000.000000|1458000.000000
17:04:07|0.000000|0.000000|0.000000|0.000000|37.000000|1000.000000|1.000000|1.000000|35.000000|36.799999|39.500000|32.000000|39.000000|32.000000|8000.000000|100.000000|3000.000000|0.000000|0.000000|10.000000|0.000000|0.000000|0.000000|0.000000|0.000000|2250.000000|0.000000|0.000000|0.000000|0.000000|0.000000|2250.000000|16200.000000|4000.000000|0.000000|0.000000|9532.000000|1.000000|35.000000|0.000000|0.000000|0.000000|1.000000|1000.000000|1458000.000000
17:04:15|0.000000|0.000000|0.000000|0.000000|37.000000|1000.000000|1.000000|1.000000|35.000000|36.799999|39.500000|32.000000|39.000000|32.000000|8000.000000|100.000000|3000.000000|0.000000|0.000000|10.000000|0.000000|0.000000|0.000000|0.000000|0.000000|2250.000000|0.000000|0.000000|0.000000|0.000000|0.000000|2250.000000|16200.000000|4000.000000|0.000000|0.000000|9532.000000|1.000000|35.000000|0.000000|0.000000|0.000000|1.000000|1000.000000|1458000.000000
17:04:23|0.000000|0.000000|0.000000|0.000000|37.000000|1000.000000|1.000000|1.000000|35.000000|36.799999|39.500000|32.000000|39.000000|32.000000|8000.000000|100.000000|3000.000000|0.000000|0.000000|10.000000|0.000000|0.000000|0.000000|0.000000|0.000000|2250.000000|0.000000|0.000000|0.000000|0.000000|0.000000|2250.000000|16200.000000|4000.000000|0.000000|0.000000|9532.000000|1.000000|35.000000|0.000000|0.000000|0.000000|1.000000|1000.000000|1458000.000000
17:04:31|0.000000|0.000000|0.000000|0.000000|37.000000|1000.000000|1.000000|1.000000|35.000000|36.799999|39.500000|32.000000|39.000000|32.000000|8000.000000|100.000000|3000.000000|0.000000|0.000000|10.000000|0.000000|0.000000|0.000000|0.000000|0.000000|2250.000000|0.000000|0.000000|0.000000|0.000000|0.000000|2250.000000|16200.000000|4000.000000|0.000000|0.000000|9532.000000|1.000000|35.000000|0.000000|0.000000|0.000000|1.000000|1000.000000|1458000.000000
17:04:39|0.000000|0.000000|0.000000|0.000000|37.000000|1000.000000|1.000000|1.000000|35.000000|36.799999|39.500000|32.000000|39.000000|32.000000|8000.000000|100.000000|3000.000000|0.000000|0.000000|10.000000|0.000000|0.000000|0.000000|0.000000|0.000000|2250.000000|0.000000|0.000000|0.000000|0.000000|0.000000|2250.000000|16200.000000|4000.000000|0.000000|0.000000|9532.000000|1.000000|35.000000|0.000000|0.000000|0.000000|1.000000|1000.000000|1458000.000000
17:07:07|6.800000|38.230000|0.000000|0.000000|37.000000|1000.000000|1.000000|1.000000|35.000000|36.799999|39.500000|32.000000|39.000000|32.000000|8000.000000|100.000000|3000.000000|10.000000|433.970001|10.000000|2250.000000|-2250.000000|1816.029907|2683.969971|5532.000000|2250.000000|0.000000|0.000000|0.000000|0.000000|0.000000|532.000000|16200.000000|4000.000000|1816.029907|2683.969971|9532.000000|1.000000|35.000000|0.000000|115.800003|32.560001|1.000000|1000.000000|1458000.000000
17:07:15|6.800000|38.230000|0.000000|0.000000|37.000000|1000.000000|1.000000|1.000000|35.000000|36.799999|39.500000|32.000000|39.000000|32.000000|8000.000000|100.000000|3000.000000|10.000000|1458.000122|10.000000|2250.000000|-2250.000000|792.000061|3708.000244|0.000000|2250.000000|0.000000|0.000000|0.000000|0.000000|0.000000|2250.000000|16200.000000|4000.000000|792.000061|3708.000244|9532.000000|1.000000|35.000000|0.000000|115.800003|32.560001|1.000000|1000.000000|1458000.000000
17:07:23|6.800000|38.230000|0.000000|0.000000|37.000000|1000.000000|1.000000|1.000000|35.000000|36.799999|39.500000|32.000000|39.000000|32.000000|8000.000000|100.000000|3000.000000|10.000000|1458.000122|10.000000|2250.000000|-2250.000000|792.000061|3708.000244|0.000000|2250.000000|0.000000|0.000000|0.000000|0.000000|0.000000|2250.000000|16200.000000|4000.000000|792.000061|3708.000244|9532.000000|1.000000|35.000000|0.000000|115.800003|32.560001|1.000000|1000.000000|1458000.000000
17:07:31|6.800000|38.230000|0.000000|0.000000|37.000000|1000.000000|1.000000|1.000000|35.000000|36.799999|39.500000|32.000000|39.000000|32.000000|8000.000000|100.000000|3000.000000|10.000000|433.970001|10.000000|2250.000000|-2250.000000|1816.029907|2683.969971|0.000000|2250.000000|0.000000|0.000000|0.000000|0.000000|0.000000|2250.000000|16200.000000|4000.000000|1816.029907|2683.969971|9532.000000|1.000000|35.000000|0.000000|115.800003|32.560001|1.000000|1000.000000|1458000.000000
17:07:39|6.800000|38.230000|0.000000|0.000000|37.000000|1000.000000|1.000000|1.000000|35.000000|1.000000|39.500000|32.000000|39.000000|32.000000|8000.000000|100.000000|3000.000000|10.000000|0.000000|10.000000|2250.000000|-2250.000000|2250.000000|2250.000000|0.000000|2250.000000|0.000000|0.000000|0.000000|0.000000|0.000000|2250.000000|16200.000000|4000.000000|2250.000000|2250.000000|9532.000000|1.000000|35.000000|0.000000|115.800003|32.560001|1.000000|1000.000000|0.000000
17:07:47|6.800000|38.230000|0.000000|0.000000|37.000000|1000.000000|457.000031|1.000000|35.000000|1.000000|39.500000|32.000000|39.000000|32.000000|8000.000000|100.000000|3000.000000|10.000000|-456.000031|10.000000|2250.000000|-2250.000000|2706.000244|1794.000122|457.000031|2250.000000|0.000000|0.000000|0.000000|0.000000|0.000000|0.000000|16200.000000|4000.000000|2706.000244|1794.000122|9532.000000|1.000000|35.000000|0.000000|115.800003|32.560001|1.000000|1000.000000|-456000.000000
17:07:55|6.800000|38.230000|0.000000|0.000000|37.000000|1000.000000|457.000031|1.000000|35.000000|1.000000|39.500000|32.000000|39.000000|32.000000|8000.000000|100.000000|3000.000000|10.000000|-789.359924|10.000000|2250.000000|-2250.000000|3039.360107|1460.639771|457.000031|2250.000000|0.000000|0.000000|0.000000|0.000000|0.000000|0.000000|16200.000000|4000.000000|3039.360107|1460.639771|9532.000000|1.000000|35.000000|0.000000|115.800003|32.560001|1.000000|1000.000000|-789360.000000
