13:39:54|0.000000|0.000000|0.000000|0.000000|0.000000|0.000000|0.000000|0.000000|0.000000|0.000000
13:40:24|0.000000|0.000000|0.000000|0.000000|0.000000|0.000000|0.000000|0.000000|0.000000|0.000000
13:40:54|0.000000|0.000000|0.000000|0.000000|0.000000|0.000000|0.000000|0.000000|0.000000|0.000000
13:41:24|0.000000|0.000000|0.000000|0.000000|0.000000|0.000000|0.000000|0.000000|0.000000|0.000000
13:41:54|0.000000|0.000000|0.000000|0.000000|0.000000|0.000000|0.000000|0.000000|0.000000|0.000000
13:42:24|0.000000|0.000000|0.000000|0.000000|0.000000|0.000000|0.000000|0.000000|0.000000|0.000000
13:42:54|0.000000|0.000000|0.000000|0.000000|0.000000|0.000000|0.000000|0.000000|0.000000|0.000000
13:43:24|0.000000|0.000000|0.000000|0.000000|0.000000|0.000000|0.000000|0.000000|0.000000|0.000000
13:43:55|0.000000|0.000000|0.000000|0.000000|0.000000|0.000000|0.000000|0.000000|0.000000|0.000000
13:44:25|0.000000|0.000000|0.000000|0.000000|0.000000|0.000000|0.000000|0.000000|0.000000|0.000000
13:44:55|0.000000|0.000000|0.000000|0.000000|0.000000|0.000000|0.000000|0.000000|0.000000|0.000000
13:45:25|0.000000|0.000000|0.000000|0.000000|0.000000|0.000000|0.000000|0.000000|0.000000|0.000000
13:45:55|0.000000|0.000000|0.000000|0.000000|0.000000|0.000000|0.000000|0.000000|0.000000|0.000000
13:46:25|0.000000|0.000000|0.000000|0.000000|0.000000|0.000000|0.000000|0.000000|0.000000|0.000000
13:46:55|0.000000|0.000000|0.000000|0.000000|0.000000|0.000000|0.000000|0.000000|0.000000|0.000000
13:47:25|0.000000|0.000000|0.000000|0.000000|0.000000|0.000000|0.000000|0.000000|0.000000|0.000000
13:47:55|0.000000|0.000000|0.000000|0.000000|0.000000|0.000000|0.000000|0.000000|0.000000|0.000000
13:48:25|0.000000|0.000000|0.000000|0.000000|0.000000|0.000000|0.000000|0.000000|0.000000|0.000000
13:48:55|0.000000|0.000000|0.000000|0.000000|0.000000|0.000000|0.000000|0.000000|0.000000|0.000000
13:49:25|0.000000|0.000000|0.000000|0.000000|0.000000|0.000000|0.000000|0.000000|0.000000|0.000000
13:49:55|0.000000|0.000000|0.000000|0.000000|0.000000|0.000000|0.000000|0.000000|0.000000|0.000000
13:50:25|0.000000|0.000000|0.000000|0.000000|0.000000|0.000000|0.000000|0.000000|0.000000|0.000000
13:50:55|0.000000|0.000000|0.000000|0.000000|0.000000|0.000000|0.000000|0.000000|0.000000|0.000000
13:51:25|0.000000|0.000000|0.000000|0.000000|0.000000|0.000000|0.000000|0.000000|0.000000|0.000000
13:51:55|0.000000|0.000000|0.000000|0.000000|0.000000|0.000000|0.000000|0.000000|0.000000|0.000000
13:52:26|0.000000|0.000000|0.000000|0.000000|0.000000|0.000000|0.000000|0.000000|0.000000|0.000000
13:52:56|0.000000|0.000000|0.000000|0.000000|0.000000|0.000000|0.000000|0.000000|0.000000|0.000000
13:53:26|0.000000|0.000000|0.000000|0.000000|0.000000|0.000000|0.000000|0.000000|0.000000|0.000000
13:53:56|0.000000|0.000000|0.000000|0.000000|0.000000|0.000000|0.000000|0.000000|0.000000|0.000000
13:54:26|0.000000|0.000000|0.000000|0.000000|0.000000|0.000000|0.000000|0.000000|0.000000|0.000000
13:54:56|0.000000|0.000000|0.000000|0.000000|0.000000|0.000000|0.000000|0.000000|0.000000|0.000000
13:56:29|0.000000|0.000000|0.000000|0.000000|0.000000|0.000000|0.000000|0.000000|0.000000|0.000000
13:56:59|56.000000|0.000000|0.000000|0.000000|0.000000|750.000000|-750.000000|694.000000|806.000000|0.000000
13:57:29|56.000000|0.000000|0.000000|0.000000|0.000000|750.000000|-750.000000|694.000000|806.000000|0.000000
13:57:59|56.000000|0.000000|0.000000|0.000000|0.000000|750.000000|-750.000000|694.000000|806.000000|0.000000
13:59:57|0.000000|0.000000|0.000000|0.000000|0.000000|0.000000|0.000000|1970.229980|2529.770020|0.000000
14:00:27|279.770020|0.000000|0.000000|0.000000|0.000000|2250.000000|-2250.000000|1970.229980|2529.770020|0.000000
14:00:57|279.770020|0.000000|0.000000|0.000000|0.000000|2250.000000|-2250.000000|1970.229980|2529.770020|0.000000
14:01:27|279.770020|0.000000|0.000000|0.000000|0.000000|2250.000000|-2250.000000|1970.229980|2529.770020|0.000000
14:01:57|279.770020|0.000000|0.000000|0.000000|0.000000|2250.000000|-2250.000000|1970.229980|2529.770020|0.000000
14:02:27|279.770020|0.000000|0.000000|0.000000|0.000000|2250.000000|-2250.000000|1970.229980|2529.770020|0.000000
14:02:57|279.770020|0.000000|0.000000|0.000000|0.000000|2250.000000|-2250.000000|1970.229980|2529.770020|0.000000
14:03:27|279.770020|0.000000|0.000000|0.000000|0.000000|2250.000000|-2250.000000|1970.229980|2529.770020|0.000000
14:03:57|279.770020|0.000000|0.000000|0.000000|0.000000|2250.000000|-2250.000000|1970.229980|2529.770020|0.000000
14:04:27|0.000000|0.000000|0.000000|0.000000|0.000000|0.000000|0.000000|0.000000|0.000000|0.000000
14:04:57|0.000000|0.000000|0.000000|0.000000|0.000000|0.000000|0.000000|0.000000|0.000000|0.000000
14:05:27|279.770020|0.000000|0.000000|0.000000|0.000000|2250.000000|-2250.000000|1970.229980|2529.770020|0.000000
14:05:57|279.770020|0.000000|0.000000|0.000000|0.000000|2250.000000|-2250.000000|1970.229980|2529.770020|0.000000
14:13:20|279.770020|0.000000|0.000000|0.000000|0.000000|2250.000000|-2250.000000|1970.229980|2529.770020|0.000000
14:13:50|279.770020|0.000000|0.000000|0.000000|0.000000|2250.000000|-2250.000000|1970.229980|2529.770020|0.000000
14:14:20|279.770020|0.000000|0.000000|0.000000|0.000000|2250.000000|-2250.000000|1970.229980|2529.770020|0.000000
14:14:50|279.770020|0.000000|0.000000|0.000000|0.000000|2250.000000|-2250.000000|1970.229980|2529.770020|0.000000
14:15:20|279.770020|0.000000|0.000000|0.000000|0.000000|2250.000000|-2250.000000|1970.229980|2529.770020|0.000000
14:15:50|279.770020|0.000000|0.000000|0.000000|0.000000|2250.000000|-2250.000000|1970.229980|2529.770020|0.000000
14:16:20|279.770020|0.000000|0.000000|0.000000|0.000000|2250.000000|-2250.000000|1970.229980|2529.770020|0.000000
14:16:50|279.770020|0.000000|0.000000|0.000000|0.000000|2250.000000|-2250.000000|1970.229980|2529.770020|0.000000
14:17:20|279.770020|0.000000|0.000000|0.000000|0.000000|2250.000000|-2250.000000|1970.229980|2529.770020|0.000000
14:17:47|286.640015|0.000000|0.000000|0.000000|0.000000|2500.000000|-2500.000000|2213.359863|2786.640137|0.000000
14:18:17|279.770020|0.000000|0.000000|0.000000|0.000000|2250.000000|-2250.000000|1970.229980|2529.770020|0.000000
14:18:47|279.770020|1000.000000|0.000000|0.000000|0.000000|2250.000000|-2250.000000|1970.229980|2529.770020|0.000000
14:19:17|279.770020|1000.000000|0.000000|0.000000|1000.000000|2250.000000|-2250.000000|1970.229980|2529.770020|0.000000
14:19:47|279.770020|1000.000000|0.000000|0.000000|1000.000000|2250.000000|-2250.000000|1970.229980|2529.770020|0.000000
14:20:17|279.770020|1000.000000|0.000000|0.000000|1000.000000|2250.000000|-2250.000000|1970.229980|2529.770020|0.000000
14:20:47|279.770020|1000.000000|0.000000|0.000000|1000.000000|2250.000000|-2250.000000|1970.229980|2529.770020|0.000000
14:21:17|279.770020|1000.000000|0.000000|0.000000|1000.000000|2250.000000|-2250.000000|1970.229980|2529.770020|0.000000
14:21:47|279.770020|1000.000000|0.000000|0.000000|1000.000000|2250.000000|-2250.000000|1970.229980|2529.770020|0.000000
14:22:17|279.770020|1000.000000|0.000000|0.000000|1000.000000|2250.000000|-2250.000000|1970.229980|2529.770020|0.000000
14:22:47|279.770020|1000.000000|0.000000|0.000000|1000.000000|2250.000000|-2250.000000|1970.229980|2529.770020|0.000000
14:23:17|279.770020|1000.000000|0.000000|0.000000|1000.000000|2250.000000|-2250.000000|1970.229980|2529.770020|0.000000
14:25:27|279.770020|1000.000000|0.000000|0.000000|0.000000|2250.000000|-2250.000000|1970.229980|2529.770020|0.000000
14:25:57|279.770020|1000.000000|0.000000|0.000000|0.000000|2250.000000|-2250.000000|1970.229980|2529.770020|0.000000
14:26:27|279.770020|1000.000000|0.000000|0.000000|1000.000000|2250.000000|-2250.000000|1970.229980|2529.770020|0.000000
14:26:57|279.770020|1000.000000|0.000000|0.000000|1000.000000|2250.000000|-2250.000000|1970.229980|2529.770020|0.000000
14:27:27|279.770020|1000.000000|0.000000|0.000000|1000.000000|2250.000000|-2250.000000|1970.229980|2529.770020|0.000000
14:27:57|279.770020|3000.000000|0.000000|0.000000|3000.000000|2250.000000|-2250.000000|1970.229980|2529.770020|0.000000
14:28:27|279.770020|-1000.000000|0.000000|0.000000|-1000.000000|2250.000000|-2250.000000|1970.229980|2529.770020|0.000000
14:28:57|279.770020|-1000.000000|0.000000|0.000000|-1000.000000|2250.000000|-2250.000000|1970.229980|2529.770020|0.000000
14:29:27|279.770020|-1000.000000|0.000000|0.000000|-1000.000000|2250.000000|-2250.000000|1970.229980|2529.770020|0.000000
14:29:57|279.770020|-1000.000000|0.000000|0.000000|-1000.000000|2250.000000|-2250.000000|1970.229980|2529.770020|0.000000
14:30:27|279.770020|-1000.000000|0.000000|0.000000|-1000.000000|2250.000000|-2250.000000|1970.229980|2529.770020|0.000000
14:30:57|279.770020|-1000.000000|0.000000|0.000000|-1000.000000|2250.000000|-2250.000000|1970.229980|2529.770020|0.000000
14:31:27|279.770020|-1000.000000|0.000000|0.000000|-1000.000000|2250.000000|-2250.000000|1970.229980|2529.770020|0.000000
14:31:57|279.770020|-1000.000000|0.000000|0.000000|-1000.000000|2250.000000|-2250.000000|1970.229980|2529.770020|0.000000
14:32:27|279.770020|-1000.000000|0.000000|0.000000|-1000.000000|2250.000000|-2250.000000|1970.229980|2529.770020|0.000000
14:32:57|279.770020|-1000.000000|0.000000|0.000000|-1000.000000|2250.000000|-2250.000000|1970.229980|2529.770020|0.000000
14:33:27|279.770020|-1000.000000|0.000000|0.000000|-1000.000000|2250.000000|-2250.000000|1970.229980|2529.770020|0.000000
14:33:58|279.770020|-1000.000000|0.000000|0.000000|-1000.000000|2250.000000|-2250.000000|1970.229980|2529.770020|0.000000
14:34:28|279.770020|-1000.000000|0.000000|0.000000|-1000.000000|2250.000000|-2250.000000|1970.229980|2529.770020|0.000000
14:34:58|279.770020|-1000.000000|0.000000|0.000000|-1000.000000|2250.000000|-2250.000000|1970.229980|2529.770020|0.000000
14:35:28|279.770020|-1000.000000|0.000000|0.000000|-1000.000000|2250.000000|-2250.000000|1970.229980|2529.770020|0.000000
14:35:58|279.770020|-1000.000000|0.000000|0.000000|-1000.000000|2250.000000|-2250.000000|1970.229980|2529.770020|0.000000
14:36:28|279.770020|-1000.000000|0.000000|0.000000|-1000.000000|2250.000000|-2250.000000|1970.229980|2529.770020|0.000000
14:36:58|279.770020|-1000.000000|0.000000|0.000000|-1000.000000|2250.000000|-2250.000000|1970.229980|2529.770020|0.000000
14:37:28|279.770020|-1000.000000|0.000000|0.000000|-1000.000000|2250.000000|-2250.000000|1970.229980|2529.770020|0.000000
14:37:58|279.770020|-1000.000000|0.000000|0.000000|-1000.000000|2250.000000|-2250.000000|1970.229980|2529.770020|0.000000
14:38:28|279.770020|-1000.000000|0.000000|0.000000|-1000.000000|2250.000000|-2250.000000|1970.229980|2529.770020|0.000000
14:38:58|279.770020|-1000.000000|0.000000|0.000000|-1000.000000|2250.000000|-2250.000000|1970.229980|2529.770020|0.000000
14:39:29|279.770020|-1000.000000|0.000000|0.000000|-1000.000000|2250.000000|-2250.000000|1970.229980|2529.770020|0.000000
14:39:59|279.770020|-1000.000000|0.000000|0.000000|-1000.000000|2250.000000|-2250.000000|1970.229980|2529.770020|0.000000
14:40:29|279.770020|-1000.000000|0.000000|0.000000|-1000.000000|2250.000000|-2250.000000|1970.229980|2529.770020|0.000000
14:40:59|279.770020|-1000.000000|0.000000|0.000000|-1000.000000|2250.000000|-2250.000000|1970.229980|2529.770020|0.000000
14:41:29|279.770020|-1000.000000|0.000000|0.000000|-1000.000000|2250.000000|-2250.000000|1970.229980|2529.770020|0.000000
14:41:59|279.770020|-1000.000000|0.000000|0.000000|-1000.000000|2250.000000|-2250.000000|1970.229980|2529.770020|0.000000
14:42:29|279.770020|-1000.000000|0.000000|0.000000|-1000.000000|2250.000000|-2250.000000|1970.229980|2529.770020|0.000000
14:43:00|279.770020|-1000.000000|0.000000|0.000000|-1000.000000|2250.000000|-2250.000000|1970.229980|2529.770020|0.000000
14:43:30|279.770020|-1000.000000|0.000000|0.000000|-1000.000000|2250.000000|-2250.000000|1970.229980|2529.770020|0.000000
14:44:00|279.770020|-1000.000000|0.000000|0.000000|-1000.000000|2250.000000|-2250.000000|1970.229980|2529.770020|0.000000
14:44:30|279.770020|-1000.000000|0.000000|0.000000|-1000.000000|2250.000000|-2250.000000|1970.229980|2529.770020|0.000000
14:45:01|279.770020|-1000.000000|0.000000|0.000000|-1000.000000|2250.000000|-2250.000000|1970.229980|2529.770020|0.000000
14:45:31|279.770020|-1000.000000|0.000000|0.000000|-1000.000000|2250.000000|-2250.000000|1970.229980|2529.770020|0.000000
14:46:01|279.770020|-1000.000000|0.000000|0.000000|-1000.000000|2250.000000|-2250.000000|1970.229980|2529.770020|0.000000
14:46:31|279.770020|-1000.000000|0.000000|0.000000|-1000.000000|2250.000000|-2250.000000|1970.229980|2529.770020|0.000000
14:47:01|279.770020|-1000.000000|0.000000|0.000000|-1000.000000|2250.000000|-2250.000000|1970.229980|2529.770020|0.000000
14:47:32|279.770020|-1000.000000|0.000000|0.000000|-1000.000000|2250.000000|-2250.000000|1970.229980|2529.770020|0.000000
14:48:02|279.770020|-1000.000000|0.000000|0.000000|-1000.000000|2250.000000|-2250.000000|1970.229980|2529.770020|0.000000
14:48:32|279.770020|-1000.000000|0.000000|0.000000|-1000.000000|2250.000000|-2250.000000|1970.229980|2529.770020|0.000000
14:49:02|279.770020|-1000.000000|0.000000|0.000000|-1000.000000|2250.000000|-2250.000000|1970.229980|2529.770020|0.000000
14:49:33|279.770020|-1000.000000|0.000000|0.000000|-1000.000000|2250.000000|-2250.000000|1970.229980|2529.770020|0.000000
14:50:03|279.770020|-1000.000000|0.000000|0.000000|-1000.000000|2250.000000|-2250.000000|1970.229980|2529.770020|0.000000
14:50:34|279.770020|-1000.000000|0.000000|0.000000|-1000.000000|2250.000000|-2250.000000|1970.229980|2529.770020|0.000000
14:51:04|279.770020|-1000.000000|0.000000|0.000000|-1000.000000|2250.000000|-2250.000000|1970.229980|2529.770020|0.000000
14:51:35|279.770020|-1000.000000|0.000000|0.000000|-1000.000000|2250.000000|-2250.000000|1970.229980|2529.770020|0.000000
14:52:05|279.770020|-1000.000000|0.000000|0.000000|-1000.000000|2250.000000|-2250.000000|1970.229980|2529.770020|0.000000
14:52:35|279.770020|-1000.000000|0.000000|0.000000|-1000.000000|2250.000000|-2250.000000|1970.229980|2529.770020|0.000000
14:53:06|279.770020|-1000.000000|0.000000|0.000000|-1000.000000|2250.000000|-2250.000000|1970.229980|2529.770020|0.000000
14:53:36|279.770020|-1000.000000|0.000000|0.000000|-1000.000000|2250.000000|-2250.000000|1970.229980|2529.770020|0.000000
14:54:07|279.770020|-1000.000000|0.000000|0.000000|-1000.000000|2250.000000|-2250.000000|1970.229980|2529.770020|0.000000
14:54:37|279.770020|-1000.000000|0.000000|0.000000|-1000.000000|2250.000000|-2250.000000|1970.229980|2529.770020|0.000000
14:55:08|279.770020|-1000.000000|0.000000|0.000000|-1000.000000|2250.000000|-2250.000000|1970.229980|2529.770020|0.000000
14:55:38|279.770020|-1000.000000|0.000000|0.000000|-1000.000000|2250.000000|-2250.000000|1970.229980|2529.770020|0.000000
14:56:09|279.770020|-1000.000000|0.000000|0.000000|-1000.000000|2250.000000|-2250.000000|1970.229980|2529.770020|0.000000
14:56:39|279.770020|-1000.000000|0.000000|0.000000|-1000.000000|2250.000000|-2250.000000|1970.229980|2529.770020|0.000000
14:57:09|279.770020|-1000.000000|0.000000|0.000000|-1000.000000|2250.000000|-2250.000000|1970.229980|2529.770020|0.000000
15:01:09|279.770020|-1000.000000|0.000000|0.000000|-1000.000000|2250.000000|-2250.000000|1970.229980|2529.770020|0.000000
15:01:39|279.770020|-1000.000000|0.000000|0.000000|-1000.000000|2250.000000|-2250.000000|1970.229980|2529.770020|0.000000
15:02:09|279.770020|-1000.000000|0.000000|0.000000|-1000.000000|2250.000000|-2250.000000|1970.229980|2529.770020|0.000000
15:02:39|279.770020|2000.000000|0.000000|0.000000|2000.000000|2250.000000|-2250.000000|1970.229980|2529.770020|0.000000
15:03:09|279.770020|2000.000000|0.000000|0.000000|2000.000000|2250.000000|-2250.000000|1970.229980|2529.770020|0.000000
15:03:39|279.770020|2000.000000|0.000000|0.000000|2000.000000|2250.000000|-2250.000000|1970.229980|2529.770020|0.000000
15:04:09|279.770020|2000.000000|0.000000|0.000000|2000.000000|2250.000000|-2250.000000|1970.229980|2529.770020|0.000000
15:04:39|279.770020|2000.000000|0.000000|0.000000|2000.000000|2250.000000|-2250.000000|1970.229980|2529.770020|0.000000
15:05:09|279.770020|2000.000000|0.000000|0.000000|2000.000000|2250.000000|-2250.000000|1970.229980|2529.770020|0.000000
15:05:39|279.770020|2000.000000|0.000000|0.000000|2000.000000|2250.000000|-2250.000000|1970.229980|2529.770020|0.000000
15:06:09|279.770020|2000.000000|0.000000|0.000000|2000.000000|2250.000000|-2250.000000|1970.229980|2529.770020|0.000000
15:06:39|279.770020|2000.000000|0.000000|0.000000|2000.000000|2250.000000|-2250.000000|1970.229980|2529.770020|0.000000
15:07:09|279.770020|2000.000000|0.000000|0.000000|2000.000000|2250.000000|-2250.000000|1970.229980|2529.770020|0.000000
15:07:39|279.770020|2000.000000|0.000000|0.000000|2000.000000|2250.000000|-2250.000000|1970.229980|2529.770020|0.000000
15:08:09|279.770020|2000.000000|0.000000|0.000000|2000.000000|2250.000000|-2250.000000|1970.229980|2529.770020|0.000000
15:08:39|279.770020|2000.000000|0.000000|0.000000|2000.000000|2250.000000|-2250.000000|1970.229980|2529.770020|0.000000
15:09:09|279.770020|2000.000000|0.000000|0.000000|2000.000000|2250.000000|-2250.000000|1970.229980|2529.770020|0.000000
15:09:39|279.770020|2000.000000|0.000000|0.000000|2000.000000|2250.000000|-2250.000000|1970.229980|2529.770020|0.000000
15:10:09|279.770020|2000.000000|0.000000|0.000000|2000.000000|2250.000000|-2250.000000|1970.229980|2529.770020|0.000000
15:10:39|279.770020|2000.000000|0.000000|0.000000|2000.000000|2250.000000|-2250.000000|1970.229980|2529.770020|0.000000
15:11:09|279.770020|2000.000000|0.000000|0.000000|2000.000000|2250.000000|-2250.000000|1970.229980|2529.770020|0.000000
15:11:39|279.770020|2000.000000|0.000000|0.000000|2000.000000|2250.000000|-2250.000000|1970.229980|2529.770020|0.000000
15:12:09|279.770020|2000.000000|0.000000|0.000000|2000.000000|2250.000000|-2250.000000|1970.229980|2529.770020|0.000000
15:12:39|279.770020|2000.000000|0.000000|0.000000|2000.000000|2250.000000|-2250.000000|1970.229980|2529.770020|0.000000
15:13:09|279.770020|2000.000000|0.000000|0.000000|2000.000000|2250.000000|-2250.000000|1970.229980|2529.770020|0.000000
15:13:39|279.770020|2000.000000|0.000000|0.000000|2000.000000|2250.000000|-2250.000000|1970.229980|2529.770020|0.000000
15:14:09|279.770020|2000.000000|0.000000|0.000000|2000.000000|2250.000000|-2250.000000|1970.229980|2529.770020|0.000000
15:14:40|279.770020|2000.000000|0.000000|0.000000|2000.000000|2250.000000|-2250.000000|1970.229980|2529.770020|0.000000
15:15:10|279.770020|2000.000000|0.000000|0.000000|2000.000000|2250.000000|-2250.000000|1970.229980|2529.770020|0.000000
15:15:40|279.770020|2000.000000|0.000000|0.000000|2000.000000|2250.000000|-2250.000000|1970.229980|2529.770020|0.000000
15:16:10|279.770020|2000.000000|0.000000|0.000000|2000.000000|2250.000000|-2250.000000|1970.229980|2529.770020|0.000000
15:16:40|279.770020|2000.000000|0.000000|0.000000|2000.000000|2250.000000|-2250.000000|1970.229980|2529.770020|0.000000
15:17:10|279.770020|2000.000000|0.000000|0.000000|2000.000000|2250.000000|-2250.000000|1970.229980|2529.770020|0.000000
15:17:40|279.770020|2000.000000|0.000000|0.000000|2000.000000|2250.000000|-2250.000000|1970.229980|2529.770020|0.000000
15:18:10|279.770020|2000.000000|0.000000|0.000000|2000.000000|2250.000000|-2250.000000|1970.229980|2529.770020|0.000000
15:18:40|279.770020|2000.000000|0.000000|0.000000|2000.000000|2250.000000|-2250.000000|1970.229980|2529.770020|0.000000
15:19:10|279.770020|2000.000000|0.000000|0.000000|2000.000000|2250.000000|-2250.000000|1970.229980|2529.770020|0.000000
15:19:40|279.770020|2000.000000|0.000000|0.000000|2000.000000|2250.000000|-2250.000000|1970.229980|2529.770020|0.000000
15:20:10|279.770020|2000.000000|0.000000|0.000000|2000.000000|2250.000000|-2250.000000|1970.229980|2529.770020|0.000000
15:20:41|279.770020|2000.000000|0.000000|0.000000|2000.000000|2250.000000|-2250.000000|1970.229980|2529.770020|0.000000
15:21:11|279.770020|2000.000000|0.000000|0.000000|2000.000000|2250.000000|-2250.000000|1970.229980|2529.770020|0.000000
15:21:41|279.770020|2000.000000|0.000000|0.000000|2000.000000|2250.000000|-2250.000000|1970.229980|2529.770020|0.000000
15:22:11|279.770020|2000.000000|0.000000|0.000000|2000.000000|2250.000000|-2250.000000|1970.229980|2529.770020|0.000000
15:22:41|279.770020|2000.000000|0.000000|0.000000|2000.000000|2250.000000|-2250.000000|1970.229980|2529.770020|0.000000
15:23:11|279.770020|2000.000000|0.000000|0.000000|2000.000000|2250.000000|-2250.000000|1970.229980|2529.770020|0.000000
15:23:41|279.770020|2000.000000|0.000000|0.000000|2000.000000|2250.000000|-2250.000000|1970.229980|2529.770020|0.000000
15:24:11|279.770020|2000.000000|0.000000|0.000000|2000.000000|2250.000000|-2250.000000|1970.229980|2529.770020|0.000000
15:24:41|279.770020|2000.000000|0.000000|0.000000|2000.000000|2250.000000|-2250.000000|1970.229980|2529.770020|0.000000
15:25:11|279.770020|2000.000000|0.000000|0.000000|2000.000000|2250.000000|-2250.000000|1970.229980|2529.770020|0.000000
15:25:41|279.770020|2000.000000|0.000000|0.000000|2000.000000|2250.000000|-2250.000000|1970.229980|2529.770020|0.000000
15:26:12|279.770020|2000.000000|0.000000|0.000000|2000.000000|2250.000000|-2250.000000|1970.229980|2529.770020|0.000000
15:26:42|279.770020|2000.000000|0.000000|0.000000|2000.000000|2250.000000|-2250.000000|1970.229980|2529.770020|0.000000
15:27:12|279.770020|2000.000000|0.000000|0.000000|2000.000000|2250.000000|-2250.000000|1970.229980|2529.770020|0.000000
15:27:42|279.770020|2000.000000|0.000000|0.000000|2000.000000|2250.000000|-2250.000000|1970.229980|2529.770020|0.000000
15:28:12|279.770020|2000.000000|0.000000|0.000000|2000.000000|2250.000000|-2250.000000|1970.229980|2529.770020|0.000000
15:28:42|279.770020|2000.000000|0.000000|0.000000|2000.000000|2250.000000|-2250.000000|1970.229980|2529.770020|0.000000
15:29:12|279.770020|2000.000000|0.000000|0.000000|2000.000000|2250.000000|-2250.000000|1970.229980|2529.770020|0.000000
15:29:42|279.770020|2000.000000|0.000000|0.000000|2000.000000|2250.000000|-2250.000000|1970.229980|2529.770020|0.000000
15:30:12|279.770020|2000.000000|0.000000|0.000000|2000.000000|2250.000000|-2250.000000|1970.229980|2529.770020|0.000000
15:30:42|279.770020|2000.000000|0.000000|0.000000|2000.000000|2250.000000|-2250.000000|1970.229980|2529.770020|0.000000
15:31:12|279.770020|2000.000000|0.000000|0.000000|2000.000000|2250.000000|-2250.000000|1970.229980|2529.770020|0.000000
15:31:42|279.770020|2000.000000|0.000000|0.000000|2000.000000|2250.000000|-2250.000000|1970.229980|2529.770020|0.000000
15:32:12|279.770020|2000.000000|0.000000|0.000000|2000.000000|2250.000000|-2250.000000|1970.229980|2529.770020|0.000000
15:32:43|279.770020|2000.000000|0.000000|0.000000|2000.000000|2250.000000|-2250.000000|1970.229980|2529.770020|0.000000
15:33:13|279.770020|2000.000000|0.000000|0.000000|2000.000000|2250.000000|-2250.000000|1970.229980|2529.770020|0.000000
15:33:43|279.770020|2000.000000|0.000000|0.000000|2000.000000|2250.000000|-2250.000000|1970.229980|2529.770020|0.000000
15:34:13|279.770020|2000.000000|0.000000|0.000000|2000.000000|2250.000000|-2250.000000|1970.229980|2529.770020|0.000000
15:34:43|279.770020|2000.000000|0.000000|0.000000|2000.000000|2250.000000|-2250.000000|1970.229980|2529.770020|0.000000
15:35:13|279.770020|2000.000000|0.000000|0.000000|2000.000000|2250.000000|-2250.000000|1970.229980|2529.770020|0.000000
15:35:43|279.770020|2000.000000|0.000000|0.000000|2000.000000|2250.000000|-2250.000000|1970.229980|2529.770020|0.000000
15:36:13|279.770020|2000.000000|0.000000|0.000000|2000.000000|2250.000000|-2250.000000|1970.229980|2529.770020|0.000000
15:36:43|279.770020|2000.000000|0.000000|0.000000|2000.000000|2250.000000|-2250.000000|1970.229980|2529.770020|0.000000
15:37:13|279.770020|2000.000000|0.000000|0.000000|2000.000000|2250.000000|-2250.000000|1970.229980|2529.770020|0.000000
15:37:43|279.770020|2000.000000|0.000000|0.000000|2000.000000|2250.000000|-2250.000000|1970.229980|2529.770020|0.000000
15:38:14|279.770020|2000.000000|0.000000|0.000000|2000.000000|2250.000000|-2250.000000|1970.229980|2529.770020|0.000000
15:38:44|279.770020|2000.000000|0.000000|0.000000|2000.000000|2250.000000|-2250.000000|1970.229980|2529.770020|0.000000
15:39:14|279.770020|2000.000000|0.000000|0.000000|2000.000000|2250.000000|-2250.000000|1970.229980|2529.770020|0.000000
15:39:44|279.770020|2000.000000|0.000000|0.000000|2000.000000|2250.000000|-2250.000000|1970.229980|2529.770020|0.000000
15:40:14|279.770020|2000.000000|0.000000|0.000000|2000.000000|2250.000000|-2250.000000|1970.229980|2529.770020|0.000000
15:40:44|279.770020|2000.000000|0.000000|0.000000|2000.000000|2250.000000|-2250.000000|1970.229980|2529.770020|0.000000
15:41:14|279.770020|2000.000000|0.000000|0.000000|2000.000000|2250.000000|-2250.000000|1970.229980|2529.770020|0.000000
15:41:44|279.770020|2000.000000|0.000000|0.000000|2000.000000|2250.000000|-2250.000000|1970.229980|2529.770020|0.000000
15:42:14|279.770020|2000.000000|0.000000|0.000000|2000.000000|2250.000000|-2250.000000|1970.229980|2529.770020|0.000000
15:42:45|279.770020|2000.000000|0.000000|0.000000|2000.000000|2250.000000|-2250.000000|1970.229980|2529.770020|0.000000
15:43:15|279.770020|2000.000000|0.000000|0.000000|2000.000000|2250.000000|-2250.000000|1970.229980|2529.770020|0.000000
15:43:45|279.770020|2000.000000|0.000000|0.000000|2000.000000|2250.000000|-2250.000000|1970.229980|2529.770020|0.000000
15:44:15|279.770020|2000.000000|0.000000|0.000000|2000.000000|2250.000000|-2250.000000|1970.229980|2529.770020|0.000000
15:44:45|279.770020|2000.000000|0.000000|0.000000|2000.000000|2250.000000|-2250.000000|1970.229980|2529.770020|0.000000
15:45:15|279.770020|2000.000000|0.000000|0.000000|2000.000000|2250.000000|-2250.000000|1970.229980|2529.770020|0.000000
15:45:45|279.770020|2000.000000|0.000000|0.000000|2000.000000|2250.000000|-2250.000000|1970.229980|2529.770020|0.000000
15:46:15|279.770020|2000.000000|0.000000|0.000000|2000.000000|2250.000000|-2250.000000|1970.229980|2529.770020|0.000000
15:46:45|279.770020|2000.000000|0.000000|0.000000|2000.000000|2250.000000|-2250.000000|1970.229980|2529.770020|0.000000
15:47:15|279.770020|2000.000000|0.000000|0.000000|2000.000000|2250.000000|-2250.000000|1970.229980|2529.770020|0.000000
15:47:45|279.770020|2000.000000|0.000000|0.000000|2000.000000|2250.000000|-2250.000000|1970.229980|2529.770020|0.000000
15:48:15|279.770020|2000.000000|0.000000|0.000000|2000.000000|2250.000000|-2250.000000|1970.229980|2529.770020|0.000000
15:48:45|279.770020|2000.000000|0.000000|0.000000|2000.000000|2250.000000|-2250.000000|1970.229980|2529.770020|0.000000
15:49:15|279.770020|2000.000000|0.000000|0.000000|2000.000000|2250.000000|-2250.000000|1970.229980|2529.770020|0.000000
15:49:45|279.770020|2000.000000|0.000000|0.000000|2000.000000|2250.000000|-2250.000000|1970.229980|2529.770020|0.000000
15:50:16|279.770020|2000.000000|0.000000|0.000000|2000.000000|2250.000000|-2250.000000|1970.229980|2529.770020|0.000000
15:50:46|279.770020|2000.000000|0.000000|0.000000|2000.000000|2250.000000|-2250.000000|1970.229980|2529.770020|0.000000
15:51:16|279.770020|2000.000000|0.000000|0.000000|2000.000000|2250.000000|-2250.000000|1970.229980|2529.770020|0.000000
15:51:46|279.770020|2000.000000|0.000000|0.000000|2000.000000|2250.000000|-2250.000000|1970.229980|2529.770020|0.000000
15:52:16|279.770020|2000.000000|0.000000|0.000000|2000.000000|2250.000000|-2250.000000|1970.229980|2529.770020|0.000000
15:52:46|279.770020|2000.000000|0.000000|0.000000|2000.000000|2250.000000|-2250.000000|1970.229980|2529.770020|0.000000
15:53:17|279.770020|2000.000000|0.000000|0.000000|2000.000000|2250.000000|-2250.000000|1970.229980|2529.770020|0.000000
15:53:47|279.770020|2000.000000|0.000000|0.000000|2000.000000|2250.000000|-2250.000000|1970.229980|2529.770020|0.000000
15:54:17|279.770020|2000.000000|0.000000|0.000000|2000.000000|2250.000000|-2250.000000|1970.229980|2529.770020|0.000000
15:54:47|279.770020|2000.000000|0.000000|0.000000|2000.000000|2250.000000|-2250.000000|1970.229980|2529.770020|0.000000
15:55:17|279.770020|2000.000000|0.000000|0.000000|2000.000000|2250.000000|-2250.000000|1970.229980|2529.770020|0.000000
15:55:47|279.770020|2000.000000|0.000000|0.000000|2000.000000|2250.000000|-2250.000000|1970.229980|2529.770020|0.000000
15:56:17|279.770020|2000.000000|0.000000|0.000000|2000.000000|2250.000000|-2250.000000|1970.229980|2529.770020|0.000000
15:56:47|279.770020|2000.000000|0.000000|0.000000|2000.000000|2250.000000|-2250.000000|1970.229980|2529.770020|0.000000
15:57:17|279.770020|2000.000000|0.000000|0.000000|2000.000000|2250.000000|-2250.000000|1970.229980|2529.770020|0.000000
15:57:47|279.770020|2000.000000|0.000000|0.000000|2000.000000|2250.000000|-2250.000000|1970.229980|2529.770020|0.000000
15:58:17|279.770020|2000.000000|0.000000|0.000000|2000.000000|2250.000000|-2250.000000|1970.229980|2529.770020|0.000000
15:58:47|279.770020|2000.000000|0.000000|0.000000|2000.000000|2250.000000|-2250.000000|1970.229980|2529.770020|0.000000
15:59:17|279.770020|2000.000000|0.000000|0.000000|2000.000000|2250.000000|-2250.000000|1970.229980|2529.770020|0.000000
15:59:48|279.770020|2000.000000|0.000000|0.000000|2000.000000|2250.000000|-2250.000000|1970.229980|2529.770020|0.000000
16:00:18|279.770020|2000.000000|0.000000|0.000000|2000.000000|2250.000000|-2250.000000|1970.229980|2529.770020|0.000000
16:00:48|279.770020|2000.000000|0.000000|0.000000|2000.000000|2250.000000|-2250.000000|1970.229980|2529.770020|0.000000
16:01:18|279.770020|2000.000000|0.000000|0.000000|2000.000000|2250.000000|-2250.000000|1970.229980|2529.770020|0.000000
16:01:48|279.770020|2000.000000|0.000000|0.000000|2000.000000|2250.000000|-2250.000000|1970.229980|2529.770020|0.000000
16:02:18|279.770020|2000.000000|0.000000|0.000000|2000.000000|2250.000000|-2250.000000|1970.229980|2529.770020|0.000000
16:02:48|279.770020|2000.000000|0.000000|0.000000|2000.000000|2250.000000|-2250.000000|1970.229980|2529.770020|0.000000
16:03:18|279.770020|2000.000000|0.000000|0.000000|2000.000000|2250.000000|-2250.000000|1970.229980|2529.770020|0.000000
16:03:48|279.770020|2000.000000|0.000000|0.000000|2000.000000|2250.000000|-2250.000000|1970.229980|2529.770020|0.000000
16:04:18|279.770020|2000.000000|0.000000|0.000000|2000.000000|2250.000000|-2250.000000|1970.229980|2529.770020|0.000000
16:04:48|279.770020|2000.000000|0.000000|0.000000|2000.000000|2250.000000|-2250.000000|1970.229980|2529.770020|0.000000
16:05:19|279.770020|2000.000000|0.000000|0.000000|2000.000000|2250.000000|-2250.000000|1970.229980|2529.770020|0.000000
16:05:49|0.000000|2000.000000|0.000000|0.000000|2000.000000|0.000000|0.000000|0.000000|0.000000|0.000000
16:06:20|0.000000|2000.000000|0.000000|0.000000|2000.000000|0.000000|0.000000|0.000000|0.000000|0.000000
16:06:50|0.000000|2000.000000|0.000000|0.000000|2000.000000|0.000000|0.000000|0.000000|0.000000|0.000000
16:07:20|0.000000|2000.000000|0.000000|0.000000|2000.000000|0.000000|0.000000|0.000000|0.000000|0.000000
16:07:50|0.000000|2000.000000|0.000000|0.000000|2000.000000|0.000000|0.000000|0.000000|0.000000|0.000000
16:08:21|0.000000|2000.000000|0.000000|0.000000|2000.000000|0.000000|0.000000|0.000000|0.000000|0.000000
16:08:51|0.000000|2000.000000|0.000000|0.000000|2000.000000|0.000000|0.000000|0.000000|0.000000|0.000000
16:09:21|0.000000|2000.000000|0.000000|0.000000|2000.000000|0.000000|0.000000|0.000000|0.000000|0.000000
16:09:51|0.000000|2000.000000|0.000000|0.000000|2000.000000|0.000000|0.000000|0.000000|0.000000|0.000000
16:10:21|0.000000|2000.000000|0.000000|0.000000|2000.000000|0.000000|0.000000|0.000000|0.000000|0.000000
16:10:52|0.000000|2000.000000|0.000000|0.000000|2000.000000|0.000000|0.000000|0.000000|0.000000|0.000000
16:11:22|0.000000|2000.000000|0.000000|0.000000|2000.000000|0.000000|0.000000|0.000000|0.000000|0.000000
16:11:52|0.000000|2000.000000|0.000000|0.000000|2000.000000|0.000000|0.000000|0.000000|0.000000|0.000000
16:12:22|0.000000|2000.000000|0.000000|0.000000|2000.000000|0.000000|0.000000|0.000000|0.000000|0.000000
16:12:52|0.000000|2000.000000|0.000000|0.000000|2000.000000|0.000000|0.000000|0.000000|0.000000|0.000000
16:13:22|0.000000|2000.000000|0.000000|0.000000|2000.000000|0.000000|0.000000|0.000000|0.000000|0.000000
16:13:53|0.000000|2000.000000|0.000000|0.000000|2000.000000|0.000000|0.000000|0.000000|0.000000|0.000000
16:14:23|0.000000|2000.000000|0.000000|0.000000|2000.000000|0.000000|0.000000|0.000000|0.000000|0.000000
16:14:53|0.000000|2000.000000|0.000000|0.000000|2000.000000|0.000000|0.000000|0.000000|0.000000|0.000000
16:15:23|0.000000|2000.000000|0.000000|0.000000|2000.000000|0.000000|0.000000|0.000000|0.000000|0.000000
16:15:53|0.000000|2000.000000|0.000000|0.000000|2000.000000|0.000000|0.000000|0.000000|0.000000|0.000000
16:16:23|0.000000|2000.000000|0.000000|0.000000|2000.000000|0.000000|0.000000|0.000000|0.000000|0.000000
16:16:54|0.000000|2000.000000|0.000000|0.000000|2000.000000|0.000000|0.000000|0.000000|0.000000|0.000000
16:17:24|0.000000|2000.000000|0.000000|0.000000|2000.000000|0.000000|0.000000|0.000000|0.000000|0.000000
16:17:54|0.000000|2000.000000|0.000000|0.000000|2000.000000|0.000000|0.000000|0.000000|0.000000|0.000000
16:18:24|0.000000|2000.000000|0.000000|0.000000|2000.000000|0.000000|0.000000|0.000000|0.000000|0.000000
16:18:54|0.000000|2000.000000|0.000000|0.000000|2000.000000|0.000000|0.000000|0.000000|0.000000|0.000000
16:19:24|0.000000|2000.000000|0.000000|0.000000|2000.000000|0.000000|0.000000|0.000000|0.000000|0.000000
16:19:55|0.000000|2000.000000|0.000000|0.000000|2000.000000|0.000000|0.000000|0.000000|0.000000|0.000000
16:20:25|0.000000|2000.000000|0.000000|0.000000|2000.000000|0.000000|0.000000|0.000000|0.000000|0.000000
16:20:55|0.000000|2000.000000|0.000000|0.000000|2000.000000|0.000000|0.000000|0.000000|0.000000|0.000000
16:21:25|0.000000|2000.000000|0.000000|0.000000|2000.000000|0.000000|0.000000|0.000000|0.000000|0.000000
16:21:56|0.000000|2000.000000|0.000000|0.000000|2000.000000|0.000000|0.000000|0.000000|0.000000|0.000000
16:22:27|0.000000|2000.000000|0.000000|0.000000|2000.000000|0.000000|0.000000|0.000000|0.000000|0.000000
16:22:57|0.000000|2000.000000|0.000000|0.000000|2000.000000|0.000000|0.000000|0.000000|0.000000|0.000000
16:23:28|0.000000|2000.000000|0.000000|0.000000|2000.000000|0.000000|0.000000|0.000000|0.000000|0.000000
16:23:58|0.000000|2000.000000|0.000000|0.000000|2000.000000|0.000000|0.000000|0.000000|0.000000|0.000000
16:24:28|0.000000|2000.000000|0.000000|0.000000|2000.000000|0.000000|0.000000|0.000000|0.000000|0.000000
16:24:58|0.000000|2000.000000|0.000000|0.000000|2000.000000|0.000000|0.000000|0.000000|0.000000|0.000000
16:25:29|0.000000|2000.000000|0.000000|0.000000|2000.000000|0.000000|0.000000|0.000000|0.000000|0.000000
16:25:59|0.000000|2000.000000|0.000000|0.000000|2000.000000|0.000000|0.000000|0.000000|0.000000|0.000000
16:26:29|0.000000|2000.000000|0.000000|0.000000|2000.000000|0.000000|0.000000|0.000000|0.000000|0.000000
16:26:59|0.000000|2000.000000|0.000000|0.000000|2000.000000|0.000000|0.000000|0.000000|0.000000|0.000000
16:27:30|0.000000|2000.000000|0.000000|0.000000|2000.000000|0.000000|0.000000|0.000000|0.000000|0.000000
16:28:00|0.000000|2000.000000|0.000000|0.000000|2000.000000|0.000000|0.000000|0.000000|0.000000|0.000000
16:28:30|0.000000|2000.000000|0.000000|0.000000|2000.000000|0.000000|0.000000|0.000000|0.000000|0.000000
16:29:00|0.000000|2000.000000|0.000000|0.000000|2000.000000|0.000000|0.000000|0.000000|0.000000|0.000000
16:29:30|0.000000|2000.000000|0.000000|0.000000|2000.000000|0.000000|0.000000|0.000000|0.000000|0.000000
16:30:00|0.000000|2000.000000|0.000000|0.000000|2000.000000|0.000000|0.000000|0.000000|0.000000|0.000000
16:31:04|0.000000|0.000000|0.000000|0.000000|0.000000|0.000000|0.000000|0.000000|0.000000|0.000000
16:31:34|0.000000|0.000000|0.000000|0.000000|0.000000|0.000000|0.000000|0.000000|0.000000|0.000000
16:32:19|0.000000|0.000000|0.000000|0.000000|0.000000|0.000000|0.000000|0.000000|0.000000|0.000000
16:32:49|0.000000|0.000000|0.000000|0.000000|0.000000|0.000000|0.000000|0.000000|0.000000|0.000000
16:33:19|0.000000|0.000000|0.000000|0.000000|0.000000|0.000000|0.000000|0.000000|0.000000|0.000000
16:33:49|0.000000|0.000000|0.000000|0.000000|0.000000|0.000000|0.000000|0.000000|0.000000|0.000000
16:34:19|0.000000|0.000000|0.000000|0.000000|0.000000|0.000000|0.000000|0.000000|0.000000|0.000000
16:34:49|0.000000|0.000000|0.000000|0.000000|0.000000|0.000000|0.000000|0.000000|0.000000|0.000000
16:35:19|0.000000|0.000000|0.000000|0.000000|0.000000|0.000000|0.000000|0.000000|0.000000|0.000000
16:35:49|0.000000|0.000000|0.000000|0.000000|0.000000|0.000000|0.000000|0.000000|0.000000|0.000000
16:36:19|0.000000|0.000000|0.000000|0.000000|0.000000|0.000000|0.000000|0.000000|0.000000|0.000000
16:36:49|0.000000|0.000000|0.000000|0.000000|0.000000|0.000000|0.000000|0.000000|0.000000|0.000000
16:37:20|0.000000|0.000000|0.000000|0.000000|0.000000|0.000000|0.000000|0.000000|0.000000|0.000000
16:37:50|0.000000|0.000000|0.000000|0.000000|0.000000|0.000000|0.000000|0.000000|0.000000|0.000000
16:38:20|0.000000|0.000000|0.000000|0.000000|0.000000|0.000000|0.000000|0.000000|0.000000|0.000000
16:38:50|0.000000|0.000000|0.000000|0.000000|0.000000|0.000000|0.000000|0.000000|0.000000|0.000000
16:39:20|279.770020|0.000000|0.000000|0.000000|0.000000|2250.000000|-2250.000000|1970.229980|2529.770020|0.000000
16:39:50|279.770020|0.000000|0.000000|0.000000|0.000000|2250.000000|-2250.000000|1970.229980|2529.770020|0.000000
16:40:20|279.770020|0.000000|0.000000|0.000000|0.000000|2250.000000|-2250.000000|1970.229980|2529.770020|0.000000
16:40:50|279.770020|0.000000|0.000000|0.000000|0.000000|2250.000000|-2250.000000|1970.229980|2529.770020|0.000000
16:41:20|279.770020|0.000000|0.000000|0.000000|0.000000|2250.000000|-2250.000000|1970.229980|2529.770020|0.000000
16:41:50|279.770020|0.000000|0.000000|0.000000|0.000000|2250.000000|-2250.000000|1970.229980|2529.770020|0.000000
16:42:20|279.770020|0.000000|0.000000|0.000000|0.000000|2250.000000|-2250.000000|1970.229980|2529.770020|0.000000
16:42:50|279.770020|0.000000|0.000000|0.000000|0.000000|2250.000000|-2250.000000|1970.229980|2529.770020|0.000000
16:43:20|279.770020|0.000000|0.000000|0.000000|0.000000|2250.000000|-2250.000000|1970.229980|2529.770020|0.000000
16:43:50|279.770020|0.000000|0.000000|0.000000|0.000000|2250.000000|-2250.000000|1970.229980|2529.770020|0.000000
16:44:21|279.770020|0.000000|0.000000|0.000000|0.000000|2250.000000|-2250.000000|1970.229980|2529.770020|0.000000
16:44:51|279.770020|0.000000|0.000000|0.000000|0.000000|2250.000000|-2250.000000|1970.229980|2529.770020|0.000000
16:45:21|279.770020|0.000000|0.000000|0.000000|0.000000|2250.000000|-2250.000000|1970.229980|2529.770020|0.000000
16:45:51|279.770020|0.000000|0.000000|0.000000|0.000000|2250.000000|-2250.000000|1970.229980|2529.770020|0.000000
16:46:21|279.770020|0.000000|0.000000|0.000000|0.000000|2250.000000|-2250.000000|1970.229980|2529.770020|0.000000
