16:27:18|1|1|1|0|0|0|0|0|0|0|0|0|1
16:27:26|1|1|1|0|0|0|0|0|0|0|0|0|1
16:27:34|1|1|1|0|0|0|0|0|0|0|0|0|1
16:27:42|1|1|1|0|0|0|0|0|0|0|0|0|1
16:27:50|1|1|1|0|0|0|0|0|0|0|0|0|1
16:27:58|1|1|1|1|1|0|0|0|0|0|0|0|1
16:28:06|1|1|1|1|1|0|0|0|0|0|0|0|1
16:28:14|1|1|1|1|1|0|0|0|0|0|0|0|1
16:28:22|1|1|1|1|1|0|0|0|0|0|0|0|1
16:28:30|1|1|1|1|1|0|0|0|0|0|0|0|1
16:28:38|1|1|1|1|1|0|0|0|0|0|0|0|1
16:28:46|1|1|1|1|1|0|0|0|0|0|0|0|1
16:28:54|1|1|1|1|1|0|0|0|0|0|0|0|1
16:29:02|1|1|1|1|1|0|0|0|0|0|0|0|1
16:29:10|1|1|1|1|1|0|0|0|0|0|0|0|1
16:29:18|1|1|1|1|1|0|0|0|0|0|0|0|1
16:29:26|1|1|1|1|1|0|0|0|0|0|0|0|1
16:29:34|1|1|1|1|1|0|0|0|0|0|0|0|1
16:29:43|1|1|1|1|1|0|0|0|0|0|0|0|1
16:29:51|1|1|1|1|1|0|0|0|0|0|0|0|1
16:29:59|1|1|1|1|1|0|0|0|0|0|0|0|1
16:30:07|1|1|1|1|1|0|0|0|0|0|0|0|1
16:30:15|1|1|1|1|1|0|0|0|0|0|0|0|1
16:30:23|1|1|1|1|1|0|0|0|0|0|0|0|1
16:30:31|1|1|1|1|1|0|0|0|0|0|0|0|1
16:30:39|1|1|1|1|1|0|0|0|0|0|0|0|1
16:30:47|1|1|1|1|1|0|0|0|0|0|0|0|1
16:30:55|1|1|1|1|1|0|0|0|0|0|0|0|1
16:31:03|1|1|1|1|1|0|0|0|0|0|0|0|1
16:31:11|1|1|1|1|1|0|0|0|0|0|0|0|1
16:31:19|1|1|1|1|1|0|0|0|0|0|0|0|1
16:31:27|1|1|1|1|1|0|0|0|0|0|0|0|1
16:31:35|1|1|1|1|1|0|0|0|0|0|0|0|1
16:31:43|1|1|1|1|1|0|0|0|0|0|0|0|1
16:31:51|1|1|1|1|1|0|0|0|0|0|0|0|1
16:31:59|1|1|1|1|1|0|0|0|0|0|0|0|1
16:32:07|1|1|1|1|1|0|0|0|0|0|0|0|1
16:32:15|1|1|1|1|1|0|0|0|0|0|0|0|1
16:32:23|1|1|1|1|1|0|0|0|0|0|0|0|1
16:32:31|1|1|1|1|1|0|0|0|0|0|0|0|1
16:32:39|1|1|1|1|1|0|0|0|0|0|0|0|1
16:32:47|1|1|1|1|1|0|0|0|0|0|0|0|1
16:32:55|1|1|1|1|1|0|0|0|0|0|0|0|1
16:33:03|1|1|1|1|1|0|0|0|0|0|0|0|1
16:33:11|1|1|1|1|1|0|0|0|0|0|0|0|1
16:33:19|1|1|1|1|1|0|0|0|0|0|0|0|1
16:33:27|1|1|1|1|1|0|0|0|0|0|0|0|1
16:37:31|1|1|1|0|0|0|0|0|0|0|0|0|1
16:37:39|1|1|1|0|0|0|0|0|0|0|0|0|1
16:37:47|1|1|1|0|0|0|0|0|0|0|0|0|1
16:37:55|1|1|1|0|0|0|0|0|0|0|0|0|1
16:38:03|1|1|1|0|0|0|0|0|0|0|0|0|1
16:38:11|1|1|1|1|1|0|0|0|0|0|0|0|1
16:38:19|1|1|1|1|1|0|0|0|0|0|0|0|1
16:38:27|1|1|1|1|1|0|0|0|0|0|0|0|1
16:38:35|1|1|1|1|1|0|0|0|0|0|0|0|1
16:38:43|1|1|1|1|1|0|0|0|0|0|0|0|1
16:38:51|1|1|1|1|1|0|0|0|0|0|0|0|1
16:38:59|1|1|1|1|1|0|0|0|0|0|0|0|1
16:39:07|1|1|1|1|1|0|0|0|0|0|0|0|1
16:39:15|1|1|1|1|1|0|0|0|0|0|0|0|1
16:39:23|1|1|1|1|1|0|0|0|0|0|0|0|1
16:39:31|1|1|1|1|1|0|0|0|0|0|0|0|1
16:39:40|1|1|1|1|1|0|0|0|0|0|0|0|1
16:39:48|1|1|1|1|1|0|0|0|0|0|0|0|1
16:41:50|1|1|1|1|1|0|0|0|0|0|0|0|1
16:48:45|1|1|1|0|0|0|0|0|0|0|0|0|1
16:48:53|1|1|1|0|0|0|0|0|0|0|0|0|1
16:49:01|1|1|1|0|0|0|0|0|0|0|0|0|1
16:49:24|1|1|1|1|1|0|0|0|0|0|0|0|1
16:49:34|1|1|1|1|1|0|0|0|0|0|0|0|1
16:58:07|1|1|1|0|0|0|0|0|0|0|0|0|1
16:58:15|1|1|1|0|0|0|0|0|0|0|0|0|1
16:58:28|1|1|1|0|0|0|0|0|0|0|0|0|1
16:58:36|1|1|1|0|0|0|0|0|0|0|0|0|1
16:58:44|1|1|1|1|1|0|0|0|0|0|0|0|1
16:58:52|1|1|1|1|1|0|0|0|0|0|0|0|1
16:59:00|1|1|1|1|1|0|0|0|0|0|0|0|1
17:00:55|1|1|1|1|1|0|0|0|0|0|0|0|1
17:01:03|1|1|1|1|1|0|0|0|0|0|0|0|1
17:01:19|1|1|1|1|1|0|0|0|0|0|0|0|1
17:01:27|1|1|1|1|1|0|0|0|0|0|0|0|1
17:01:35|1|1|1|1|1|0|0|0|0|0|0|0|1
17:01:43|1|1|1|1|1|0|0|0|0|0|0|0|1
17:01:51|1|1|1|1|1|0|0|0|0|0|0|0|1
17:01:59|1|1|1|1|1|0|0|0|0|0|0|0|1
17:02:07|1|1|1|1|1|0|0|0|0|0|0|0|1
17:02:15|1|1|1|1|1|0|0|0|0|0|0|0|1
17:02:23|1|1|1|1|1|0|0|0|0|0|0|0|1
17:02:31|1|1|1|1|1|0|0|0|0|0|0|0|1
17:02:39|1|1|1|1|1|0|0|0|0|0|0|0|1
17:02:47|1|1|1|1|1|0|0|0|0|0|0|0|1
17:02:55|1|1|1|1|1|0|0|0|0|0|0|0|1
17:03:03|1|1|1|1|1|0|0|0|0|0|0|0|1
17:03:11|1|1|1|1|1|0|0|0|0|0|0|0|1
17:03:19|1|1|1|1|1|0|0|0|0|0|0|0|1
17:03:27|1|1|1|1|1|0|0|0|0|0|0|0|1
17:03:35|1|1|1|1|1|0|0|0|0|0|0|0|1
17:03:43|1|1|1|1|1|0|0|0|0|0|0|0|1
17:03:51|1|1|1|1|1|0|0|0|0|0|0|0|1
17:03:59|1|1|1|1|1|0|0|0|0|0|0|0|1
17:04:07|1|1|1|1|1|0|0|0|0|0|0|0|1
17:04:15|1|1|1|1|1|0|0|0|0|0|0|0|1
17:04:23|1|1|1|1|1|0|0|0|0|0|0|0|1
17:04:31|1|1|1|1|1|0|0|0|0|0|0|0|1
17:04:39|1|1|1|1|1|0|0|0|0|0|0|0|1
17:07:07|1|1|1|0|0|0|0|0|0|0|0|0|1
17:07:15|1|1|1|0|0|0|0|0|0|0|0|0|1
17:07:23|1|1|1|0|0|0|0|0|0|0|0|0|1
17:07:31|1|1|1|0|0|0|0|0|0|0|0|0|1
17:07:39|1|1|1|0|0|0|0|0|0|0|0|0|1
17:07:47|1|1|1|0|0|0|0|0|0|0|0|0|1
17:07:55|1|1|1|0|0|0|0|0|0|0|0|0|1
