20:01:34|0.000000|0.000000|0.000000|0.000000|115.000000|0.000000|-7500.000000|0.000000|111.000000|111.000000|120.000000|107.000000|120.000000|107.000000|2.000000|0.200000|0.000000|1.000000|0.000000|1.000000|0.000000|0.000000|0.000000|0.000000|0.000000|4950.000000|0.000000|0.000000|0.000000|0.000000|0.000000|-7500000.000000|18000.000000|5000.000000|0.000000|0.000000|0.000000|0.000000|0.000000|0.000000|-0.001000|56.770000|0.300300|12000.000000|0.000000
20:02:05|0.000000|0.000000|0.000000|0.000000|115.000000|0.000000|-7500.000000|0.000000|111.000000|111.000000|120.000000|107.000000|120.000000|107.000000|2.000000|0.200000|0.000000|1.000000|0.000000|1.000000|0.000000|0.000000|0.000000|0.000000|1.000000|4950.000000|0.000000|0.000000|0.000000|0.000000|0.000000|18000.000000|18000.000000|5000.000000|0.000000|0.000000|0.000000|0.000000|0.000000|0.000000|-0.001000|56.770000|0.300300|12000.000000|0.000000
20:02:35|0.000000|0.000000|0.000000|0.000000|115.000000|0.000000|-7500.000000|0.000000|111.000000|111.000000|120.000000|107.000000|120.000000|107.000000|2.000000|0.200000|0.000000|1.000000|0.000000|1.000000|0.000000|0.000000|0.000000|0.000000|1.000000|4950.000000|0.000000|0.000000|0.000000|0.000000|0.000000|18000.000000|18000.000000|5000.000000|0.000000|0.000000|0.000000|0.000000|0.000000|0.000000|-0.001000|56.770000|0.300300|12000.000000|0.000000
20:03:05|0.000000|0.000000|0.000000|0.000000|115.000000|0.000000|-7500.000000|0.000000|111.000000|111.000000|120.000000|107.000000|120.000000|107.000000|2.000000|0.200000|0.000000|1.000000|0.000000|1.000000|0.000000|0.000000|0.000000|0.000000|1.000000|4950.000000|0.000000|0.000000|0.000000|0.000000|0.000000|18000.000000|18000.000000|5000.000000|0.000000|0.000000|0.000000|0.000000|0.000000|0.000000|-0.001000|56.770000|0.300300|12000.000000|0.000000
20:03:35|0.000000|0.000000|0.000000|0.000000|115.000000|0.000000|-7500.000000|0.000000|111.000000|111.000000|120.000000|107.000000|120.000000|107.000000|2.000000|0.200000|0.000000|1.000000|0.000000|1.000000|0.000000|0.000000|0.000000|0.000000|1.000000|4950.000000|0.000000|0.000000|0.000000|0.000000|0.000000|18000.000000|18000.000000|5000.000000|0.000000|0.000000|0.000000|0.000000|0.000000|0.000000|-0.001000|56.770000|0.300300|12000.000000|0.000000
20:04:05|0.000000|0.000000|0.000000|0.000000|115.000000|0.000000|-7500.000000|0.000000|111.000000|111.000000|120.000000|107.000000|120.000000|107.000000|2.000000|0.200000|0.000000|1.000000|0.000000|1.000000|0.000000|0.000000|0.000000|0.000000|1.000000|4950.000000|0.000000|0.000000|0.000000|0.000000|0.000000|18000.000000|18000.000000|5000.000000|0.000000|0.000000|0.000000|0.000000|0.000000|0.000000|-0.001000|56.770000|0.300300|12000.000000|0.000000
20:04:35|0.000000|0.000000|0.000000|0.000000|115.000000|0.000000|-7500.000000|0.000000|111.000000|111.000000|120.000000|107.000000|120.000000|107.000000|2.000000|0.200000|0.000000|1.000000|0.000000|1.000000|0.000000|0.000000|0.000000|0.000000|1.000000|4950.000000|0.000000|0.000000|0.000000|0.000000|0.000000|18000.000000|18000.000000|5000.000000|0.000000|0.000000|0.000000|0.000000|0.000000|0.000000|-0.001000|56.770000|0.300300|12000.000000|0.000000
20:05:05|0.000000|0.000000|0.000000|0.000000|115.000000|0.000000|-7500.000000|0.000000|111.000000|111.000000|120.000000|107.000000|120.000000|107.000000|2.000000|0.200000|0.000000|1.000000|0.000000|1.000000|0.000000|0.000000|0.000000|0.000000|1.000000|4950.000000|0.000000|0.000000|0.000000|0.000000|0.000000|18000.000000|18000.000000|5000.000000|0.000000|0.000000|0.000000|0.000000|0.000000|0.000000|-0.001000|56.770000|0.300300|12000.000000|0.000000
20:05:35|0.000000|0.000000|0.000000|0.000000|115.000000|0.000000|-7500.000000|0.000000|111.000000|111.000000|120.000000|107.000000|120.000000|107.000000|2.000000|0.200000|0.000000|1.000000|0.000000|1.000000|0.000000|0.000000|0.000000|0.000000|1.000000|4950.000000|0.000000|0.000000|0.000000|0.000000|0.000000|18000.000000|18000.000000|5000.000000|0.000000|0.000000|0.000000|0.000000|0.000000|0.000000|-0.001000|56.770000|0.300300|12000.000000|0.000000
20:06:05|0.000000|0.000000|0.000000|0.000000|115.000000|0.000000|-7500.000000|0.000000|111.000000|111.000000|120.000000|107.000000|120.000000|107.000000|2.000000|0.200000|0.000000|1.000000|0.000000|1.000000|0.000000|0.000000|0.000000|0.000000|1.000000|4950.000000|0.000000|0.000000|0.000000|0.000000|0.000000|18000.000000|18000.000000|5000.000000|0.000000|0.000000|0.000000|0.000000|0.000000|0.000000|56.000000|56.770000|0.300300|12000.000000|0.000000
20:06:35|0.000000|0.000000|0.000000|0.000000|115.000000|0.000000|-7500.000000|0.000000|111.000000|111.000000|120.000000|107.000000|120.000000|107.000000|2.000000|0.200000|0.000000|1.000000|0.000000|1.000000|0.000000|0.000000|0.000000|0.000000|1.000000|4950.000000|0.000000|0.000000|0.000000|0.000000|0.000000|18000.000000|18000.000000|5000.000000|0.000000|0.000000|0.000000|0.000000|0.000000|0.000000|56.000000|56.770000|0.300300|12000.000000|0.000000
20:11:27|0.000000|0.000000|0.000000|0.000000|115.000000|0.000000|-7500.000000|0.000000|111.000000|111.000000|120.000000|107.000000|120.000000|107.000000|2.000000|0.200000|0.000000|1.000000|0.000000|1.000000|0.000000|0.000000|0.000000|0.000000|1.000000|4950.000000|0.000000|0.000000|0.000000|0.000000|0.000000|18000.000000|18000.000000|5000.000000|0.000000|0.000000|0.000000|0.000000|0.000000|0.000000|-0.001000|56.770000|0.300300|12000.000000|0.000000
20:11:57|0.000000|0.000000|0.000000|0.000000|115.000000|0.000000|-7500.000000|0.000000|111.000000|111.000000|120.000000|107.000000|120.000000|107.000000|2.000000|0.200000|0.000000|1.000000|0.000000|1.000000|0.000000|0.000000|0.000000|0.000000|1.000000|4950.000000|0.000000|0.000000|0.000000|0.000000|0.000000|18000.000000|18000.000000|5000.000000|0.000000|0.000000|0.000000|0.000000|0.000000|0.000000|-0.001000|56.770000|0.300300|12000.000000|0.000000
20:12:27|0.000000|0.000000|0.000000|0.000000|115.000000|0.000000|-7500.000000|0.000000|111.000000|111.000000|120.000000|107.000000|120.000000|107.000000|2.000000|0.200000|0.000000|1.000000|0.000000|1.000000|0.000000|0.000000|0.000000|0.000000|1.000000|4950.000000|0.000000|0.000000|0.000000|0.000000|0.000000|18000.000000|18000.000000|5000.000000|0.000000|0.000000|0.000000|0.000000|0.000000|0.000000|-0.001000|56.770000|0.300300|12000.000000|0.000000
20:12:58|0.000000|0.000000|0.000000|0.000000|115.000000|0.000000|-7500.000000|0.000000|111.000000|111.000000|120.000000|107.000000|120.000000|107.000000|2.000000|0.200000|0.000000|1.000000|0.000000|1.000000|0.000000|0.000000|0.000000|0.000000|1.000000|4950.000000|0.000000|0.000000|0.000000|0.000000|0.000000|18000.000000|18000.000000|5000.000000|0.000000|0.000000|0.000000|0.000000|0.000000|0.000000|-0.001000|56.770000|0.300300|12000.000000|0.000000
20:13:28|0.000000|0.000000|0.000000|0.000000|115.000000|0.000000|-7500.000000|0.000000|111.000000|111.000000|120.000000|107.000000|120.000000|107.000000|2.000000|0.200000|0.000000|1.000000|0.000000|1.000000|0.000000|0.000000|0.000000|0.000000|1.000000|4950.000000|0.000000|0.000000|0.000000|0.000000|0.000000|18000.000000|18000.000000|5000.000000|0.000000|0.000000|0.000000|0.000000|0.000000|0.000000|-0.001000|56.770000|0.300300|12000.000000|0.000000
20:13:58|0.000000|0.000000|0.000000|0.000000|115.000000|0.000000|-7500.000000|0.000000|111.000000|111.000000|120.000000|107.000000|120.000000|107.000000|2.000000|0.200000|0.000000|1.000000|0.000000|1.000000|0.000000|0.000000|0.000000|0.000000|1.000000|4950.000000|0.000000|0.000000|0.000000|0.000000|0.000000|18000.000000|18000.000000|5000.000000|0.000000|0.000000|0.000000|0.000000|0.000000|0.000000|-0.001000|56.770000|0.300300|12000.000000|0.000000
20:14:11|0.000000|0.000000|0.000000|0.000000|115.000000|0.000000|-7500.000000|0.000000|111.000000|111.000000|120.000000|107.000000|120.000000|107.000000|2.000000|0.200000|0.000000|1.000000|0.000000|1.000000|0.000000|0.000000|0.000000|0.000000|1.000000|4950.000000|0.000000|0.000000|0.000000|0.000000|0.000000|18000.000000|18000.000000|5000.000000|0.000000|0.000000|0.000000|0.000000|0.000000|0.000000|-0.001000|56.770000|0.300300|12000.000000|0.000000
20:14:28|0.000000|0.000000|0.000000|0.000000|115.000000|0.000000|-7500.000000|0.000000|111.000000|111.000000|120.000000|107.000000|120.000000|107.000000|2.000000|0.200000|0.000000|1.000000|0.000000|1.000000|0.000000|0.000000|0.000000|0.000000|1.000000|4950.000000|0.000000|0.000000|0.000000|0.000000|0.000000|18000.000000|18000.000000|5000.000000|0.000000|0.000000|0.000000|0.000000|0.000000|0.000000|-0.001000|56.770000|0.300300|12000.000000|0.000000
20:14:58|0.000000|0.000000|0.000000|0.000000|115.000000|0.000000|-7500.000000|0.000000|111.000000|111.000000|120.000000|107.000000|120.000000|107.000000|2.000000|0.200000|0.000000|1.000000|0.000000|1.000000|0.000000|0.000000|0.000000|0.000000|1.000000|4950.000000|0.000000|0.000000|0.000000|0.000000|0.000000|18000.000000|18000.000000|5000.000000|0.000000|0.000000|0.000000|0.000000|0.000000|0.000000|-0.001000|56.770000|0.300300|12000.000000|0.000000
20:15:28|0.000000|0.000000|0.000000|0.000000|115.000000|0.000000|-7500.000000|0.000000|111.000000|111.000000|120.000000|107.000000|120.000000|107.000000|2.000000|0.200000|0.000000|1.000000|0.000000|1.000000|0.000000|0.000000|0.000000|0.000000|1.000000|4950.000000|0.000000|0.000000|0.000000|0.000000|0.000000|18000.000000|18000.000000|5000.000000|0.000000|0.000000|0.000000|0.000000|0.000000|0.000000|-0.001000|56.770000|0.300300|12000.000000|0.000000
20:16:11|0.000000|0.000000|0.000000|0.000000|115.000000|0.000000|-7500.000000|0.000000|111.000000|111.000000|120.000000|107.000000|120.000000|107.000000|2.000000|0.200000|0.000000|1.000000|0.000000|1.000000|0.000000|0.000000|0.000000|0.000000|1.000000|2.000000|0.000000|0.000000|0.000000|0.000000|0.000000|18000.000000|18000.000000|5000.000000|0.000000|0.000000|0.000000|0.000000|0.000000|0.000000|-0.001000|56.770000|0.300300|12000.000000|0.000000
20:16:41|0.000000|0.000000|0.000000|0.000000|115.000000|0.000000|-7500.000000|0.000000|111.000000|111.000000|120.000000|107.000000|120.000000|107.000000|2.000000|0.200000|0.000000|1.000000|0.000000|1.000000|0.000000|0.000000|0.000000|0.000000|1.000000|4950.000000|0.000000|0.000000|0.000000|0.000000|0.000000|18000.000000|18000.000000|5000.000000|0.000000|0.000000|0.000000|0.000000|0.000000|0.000000|-0.001000|56.770000|0.300300|12000.000000|0.000000
20:17:11|0.000000|0.000000|0.000000|0.000000|115.000000|0.000000|-7500.000000|0.000000|111.000000|111.000000|120.000000|107.000000|120.000000|107.000000|2.000000|0.200000|0.000000|1.000000|0.000000|1.000000|0.000000|0.000000|0.000000|0.000000|1.000000|4950.000000|0.000000|0.000000|0.000000|0.000000|0.000000|18000.000000|18000.000000|5000.000000|0.000000|0.000000|0.000000|0.000000|0.000000|0.000000|-0.001000|56.770000|0.300300|12000.000000|0.000000
20:17:41|0.000000|0.000000|0.000000|0.000000|115.000000|0.000000|-7500.000000|0.000000|111.000000|111.000000|120.000000|107.000000|120.000000|107.000000|2.000000|0.200000|0.000000|1.000000|0.000000|1.000000|0.000000|0.000000|0.000000|0.000000|1.000000|4950.000000|0.000000|0.000000|0.000000|0.000000|0.000000|18000.000000|18000.000000|5000.000000|0.000000|0.000000|0.000000|0.000000|0.000000|0.000000|-0.001000|56.770000|0.300300|12000.000000|0.000000
20:18:11|0.000000|0.000000|0.000000|0.000000|115.000000|0.000000|-7500.000000|0.000000|111.000000|111.000000|120.000000|107.000000|120.000000|107.000000|2.000000|0.200000|0.000000|1.000000|0.000000|1.000000|0.000000|0.000000|0.000000|0.000000|1.000000|4950.000000|0.000000|0.000000|0.000000|0.000000|0.000000|18000.000000|18000.000000|5000.000000|0.000000|0.000000|0.000000|0.000000|0.000000|0.000000|-0.001000|56.770000|0.300300|12000.000000|0.000000
20:18:41|0.000000|0.000000|0.000000|0.000000|115.000000|0.000000|-7500.000000|0.000000|111.000000|111.000000|120.000000|107.000000|120.000000|107.000000|2.000000|0.200000|0.000000|1.000000|0.000000|1.000000|0.000000|0.000000|0.000000|0.000000|1.000000|4950.000000|0.000000|0.000000|0.000000|0.000000|0.000000|18000.000000|18000.000000|5000.000000|0.000000|0.000000|0.000000|0.000000|0.000000|0.000000|-0.001000|56.770000|0.300300|12000.000000|0.000000
20:19:11|0.000000|0.000000|0.000000|0.000000|115.000000|0.000000|-7500.000000|0.000000|111.000000|111.000000|120.000000|107.000000|120.000000|107.000000|2.000000|0.200000|0.000000|1.000000|0.000000|1.000000|0.000000|0.000000|0.000000|0.000000|1.000000|4950.000000|0.000000|0.000000|0.000000|0.000000|0.000000|18000.000000|18000.000000|5000.000000|0.000000|0.000000|0.000000|0.000000|0.000000|0.000000|-0.001000|56.770000|0.300300|12000.000000|0.000000
20:19:42|0.000000|0.000000|0.000000|0.000000|115.000000|0.000000|-7500.000000|0.000000|111.000000|111.000000|120.000000|107.000000|120.000000|107.000000|2.000000|0.200000|0.000000|1.000000|0.000000|1.000000|0.000000|0.000000|0.000000|0.000000|1.000000|4950.000000|0.000000|0.000000|0.000000|0.000000|0.000000|18000.000000|18000.000000|5000.000000|0.000000|0.000000|0.000000|0.000000|0.000000|0.000000|-0.001000|56.770000|0.300300|12000.000000|0.000000
20:20:12|0.000000|0.000000|0.000000|0.000000|115.000000|0.000000|-7500.000000|0.000000|111.000000|111.000000|120.000000|107.000000|120.000000|107.000000|2.000000|0.200000|0.000000|1.000000|0.000000|1.000000|0.000000|0.000000|0.000000|0.000000|1.000000|4950.000000|0.000000|0.000000|0.000000|0.000000|0.000000|18000.000000|18000.000000|5000.000000|0.000000|0.000000|0.000000|0.000000|0.000000|0.000000|-0.001000|56.770000|0.300300|12000.000000|0.000000
20:20:42|0.000000|0.000000|0.000000|0.000000|115.000000|0.000000|-7500.000000|0.000000|111.000000|111.000000|120.000000|107.000000|120.000000|107.000000|2.000000|0.200000|0.000000|1.000000|0.000000|1.000000|0.000000|0.000000|0.000000|0.000000|1.000000|4950.000000|0.000000|0.000000|0.000000|0.000000|0.000000|18000.000000|18000.000000|5000.000000|0.000000|0.000000|0.000000|0.000000|0.000000|0.000000|-0.001000|56.770000|0.300300|12000.000000|0.000000
20:21:12|0.000000|0.000000|0.000000|0.000000|115.000000|0.000000|-7500.000000|0.000000|111.000000|111.000000|120.000000|107.000000|120.000000|107.000000|2.000000|0.200000|0.000000|1.000000|0.000000|1.000000|0.000000|0.000000|0.000000|0.000000|1.000000|4950.000000|0.000000|0.000000|0.000000|0.000000|0.000000|18000.000000|18000.000000|5000.000000|0.000000|0.000000|0.000000|0.000000|0.000000|0.000000|-0.001000|56.770000|0.300300|12000.000000|0.000000
20:21:42|0.000000|0.000000|0.000000|0.000000|115.000000|0.000000|-7500.000000|0.000000|111.000000|111.000000|120.000000|107.000000|120.000000|107.000000|2.000000|0.200000|0.000000|1.000000|0.000000|1.000000|0.000000|0.000000|0.000000|0.000000|1.000000|4950.000000|0.000000|0.000000|0.000000|0.000000|0.000000|18000.000000|18000.000000|5000.000000|0.000000|0.000000|0.000000|0.000000|0.000000|0.000000|-0.001000|56.770000|0.300300|12000.000000|0.000000
20:22:12|0.000000|0.000000|0.000000|0.000000|115.000000|0.000000|-7500.000000|0.000000|111.000000|111.000000|120.000000|107.000000|120.000000|107.000000|2.000000|0.200000|0.000000|1.000000|0.000000|1.000000|0.000000|0.000000|0.000000|0.000000|1.000000|4950.000000|0.000000|0.000000|0.000000|0.000000|0.000000|18000.000000|18000.000000|5000.000000|0.000000|0.000000|0.000000|0.000000|0.000000|0.000000|-0.001000|56.770000|0.300300|12000.000000|0.000000
20:22:42|0.000000|0.000000|0.000000|0.000000|115.000000|0.000000|-7500.000000|0.000000|111.000000|111.000000|120.000000|107.000000|120.000000|107.000000|2.000000|0.200000|0.000000|1.000000|0.000000|1.000000|0.000000|0.000000|0.000000|0.000000|1.000000|4950.000000|0.000000|0.000000|0.000000|0.000000|0.000000|18000.000000|18000.000000|5000.000000|0.000000|0.000000|0.000000|0.000000|0.000000|0.000000|-0.001000|56.770000|0.300300|12000.000000|0.000000
20:23:12|0.000000|0.000000|0.000000|0.000000|115.000000|0.000000|-7500.000000|0.000000|111.000000|111.000000|120.000000|107.000000|120.000000|107.000000|2.000000|0.200000|0.000000|1.000000|0.000000|1.000000|0.000000|0.000000|0.000000|0.000000|1.000000|4950.000000|0.000000|0.000000|0.000000|0.000000|0.000000|18000.000000|18000.000000|5000.000000|0.000000|0.000000|0.000000|0.000000|0.000000|0.000000|-0.001000|56.770000|0.300300|12000.000000|0.000000
20:23:42|0.000000|0.000000|0.000000|0.000000|115.000000|0.000000|-7500.000000|0.000000|111.000000|111.000000|120.000000|107.000000|120.000000|107.000000|2.000000|0.200000|0.000000|1.000000|0.000000|1.000000|0.000000|0.000000|0.000000|0.000000|1.000000|4950.000000|0.000000|0.000000|0.000000|0.000000|0.000000|18000.000000|18000.000000|5000.000000|0.000000|0.000000|0.000000|0.000000|0.000000|0.000000|-0.001000|56.770000|0.300300|12000.000000|0.000000
20:24:12|0.000000|0.000000|0.000000|0.000000|115.000000|0.000000|-7500.000000|0.000000|111.000000|111.000000|120.000000|107.000000|120.000000|107.000000|2.000000|0.200000|0.000000|1.000000|0.000000|1.000000|0.000000|0.000000|0.000000|0.000000|1.000000|4950.000000|0.000000|0.000000|0.000000|0.000000|0.000000|18000.000000|18000.000000|5000.000000|0.000000|0.000000|0.000000|0.000000|0.000000|0.000000|-0.001000|56.770000|0.300300|12000.000000|0.000000
20:24:42|0.000000|0.000000|0.000000|0.000000|115.000000|0.000000|-7500.000000|0.000000|111.000000|111.000000|120.000000|107.000000|120.000000|107.000000|2.000000|0.200000|0.000000|1.000000|0.000000|1.000000|0.000000|0.000000|0.000000|0.000000|1.000000|4950.000000|0.000000|0.000000|0.000000|0.000000|0.000000|18000.000000|18000.000000|5000.000000|0.000000|0.000000|0.000000|0.000000|0.000000|0.000000|-0.001000|56.770000|0.300300|12000.000000|0.000000
20:25:12|0.000000|0.000000|0.000000|0.000000|115.000000|0.000000|-7500.000000|0.000000|111.000000|111.000000|120.000000|107.000000|120.000000|107.000000|2.000000|0.200000|0.000000|1.000000|0.000000|1.000000|0.000000|0.000000|0.000000|0.000000|1.000000|4950.000000|0.000000|0.000000|0.000000|0.000000|0.000000|18000.000000|18000.000000|5000.000000|0.000000|0.000000|0.000000|0.000000|0.000000|0.000000|-0.001000|56.770000|0.300300|12000.000000|0.000000
20:25:42|0.000000|0.000000|0.000000|0.000000|115.000000|0.000000|-7500.000000|0.000000|111.000000|111.000000|120.000000|107.000000|120.000000|107.000000|2.000000|0.200000|0.000000|1.000000|0.000000|1.000000|0.000000|0.000000|0.000000|0.000000|1.000000|4950.000000|0.000000|0.000000|0.000000|0.000000|0.000000|18000.000000|18000.000000|5000.000000|0.000000|0.000000|0.000000|0.000000|0.000000|0.000000|-0.001000|56.770000|0.300300|12000.000000|0.000000
20:26:12|0.000000|0.000000|0.000000|0.000000|115.000000|0.000000|-7500.000000|0.000000|111.000000|111.000000|120.000000|107.000000|120.000000|107.000000|2.000000|0.200000|0.000000|1.000000|0.000000|1.000000|0.000000|0.000000|0.000000|0.000000|1.000000|4950.000000|0.000000|0.000000|0.000000|0.000000|0.000000|18000.000000|18000.000000|5000.000000|0.000000|0.000000|0.000000|0.000000|0.000000|0.000000|-0.001000|56.770000|0.300300|12000.000000|0.000000
20:26:42|0.000000|0.000000|0.000000|0.000000|115.000000|0.000000|-7500.000000|0.000000|111.000000|111.000000|120.000000|107.000000|120.000000|107.000000|2.000000|0.200000|0.000000|1.000000|0.000000|1.000000|0.000000|0.000000|0.000000|0.000000|1.000000|4950.000000|0.000000|0.000000|0.000000|0.000000|0.000000|18000.000000|18000.000000|5000.000000|0.000000|0.000000|0.000000|0.000000|0.000000|0.000000|-0.001000|56.770000|0.300300|12000.000000|0.000000
20:27:12|0.000000|0.000000|0.000000|0.000000|115.000000|0.000000|-7500.000000|0.000000|111.000000|111.000000|120.000000|107.000000|120.000000|107.000000|2.000000|0.200000|0.000000|1.000000|0.000000|1.000000|0.000000|0.000000|0.000000|0.000000|1.000000|4950.000000|0.000000|0.000000|0.000000|0.000000|0.000000|18000.000000|18000.000000|5000.000000|0.000000|0.000000|0.000000|0.000000|0.000000|0.000000|-0.001000|56.770000|0.300300|12000.000000|0.000000
20:27:42|0.000000|0.000000|0.000000|0.000000|115.000000|0.000000|-7500.000000|0.000000|111.000000|111.000000|120.000000|107.000000|120.000000|107.000000|2.000000|0.200000|0.000000|1.000000|0.000000|1.000000|0.000000|0.000000|0.000000|0.000000|1.000000|4950.000000|0.000000|0.000000|0.000000|0.000000|0.000000|18000.000000|18000.000000|5000.000000|0.000000|0.000000|0.000000|0.000000|0.000000|0.000000|-0.001000|56.770000|0.300300|12000.000000|0.000000
20:28:13|0.000000|0.000000|0.000000|0.000000|115.000000|0.000000|-7500.000000|0.000000|111.000000|111.000000|120.000000|107.000000|120.000000|107.000000|2.000000|0.200000|0.000000|1.000000|0.000000|1.000000|0.000000|0.000000|0.000000|0.000000|1.000000|4950.000000|0.000000|0.000000|0.000000|0.000000|0.000000|18000.000000|18000.000000|5000.000000|0.000000|0.000000|0.000000|0.000000|0.000000|0.000000|-0.001000|56.770000|0.300300|12000.000000|0.000000
20:28:43|0.000000|0.000000|0.000000|0.000000|115.000000|0.000000|-7500.000000|0.000000|111.000000|111.000000|120.000000|107.000000|120.000000|107.000000|2.000000|0.200000|0.000000|1.000000|0.000000|1.000000|0.000000|0.000000|0.000000|0.000000|1.000000|4950.000000|0.000000|0.000000|0.000000|0.000000|0.000000|18000.000000|18000.000000|5000.000000|0.000000|0.000000|0.000000|0.000000|0.000000|0.000000|-0.001000|56.770000|0.300300|12000.000000|0.000000
20:29:13|0.000000|0.000000|0.000000|0.000000|115.000000|0.000000|-7500.000000|0.000000|111.000000|111.000000|120.000000|107.000000|120.000000|107.000000|2.000000|0.200000|0.000000|1.000000|0.000000|1.000000|0.000000|0.000000|0.000000|0.000000|1.000000|4950.000000|0.000000|0.000000|0.000000|0.000000|0.000000|18000.000000|18000.000000|5000.000000|0.000000|0.000000|0.000000|0.000000|0.000000|0.000000|-0.001000|56.770000|0.300300|12000.000000|0.000000
20:29:43|0.000000|0.000000|0.000000|0.000000|115.000000|0.000000|-7500.000000|0.000000|111.000000|111.000000|120.000000|107.000000|120.000000|107.000000|2.000000|0.200000|0.000000|1.000000|0.000000|1.000000|0.000000|0.000000|0.000000|0.000000|1.000000|4950.000000|0.000000|0.000000|0.000000|0.000000|0.000000|18000.000000|18000.000000|5000.000000|0.000000|0.000000|0.000000|0.000000|0.000000|0.000000|-0.001000|56.770000|0.300300|12000.000000|0.000000
20:30:14|0.000000|0.000000|0.000000|0.000000|115.000000|0.000000|-7500.000000|0.000000|111.000000|111.000000|120.000000|107.000000|120.000000|107.000000|2.000000|0.200000|0.000000|1.000000|0.000000|1.000000|0.000000|0.000000|0.000000|0.000000|1.000000|4950.000000|0.000000|0.000000|0.000000|0.000000|0.000000|18000.000000|18000.000000|5000.000000|0.000000|0.000000|0.000000|0.000000|0.000000|0.000000|-0.001000|56.770000|0.300300|12000.000000|0.000000
20:30:44|0.000000|0.000000|0.000000|0.000000|115.000000|0.000000|-7500.000000|0.000000|111.000000|111.000000|120.000000|107.000000|120.000000|107.000000|2.000000|0.200000|0.000000|1.000000|0.000000|1.000000|0.000000|0.000000|0.000000|0.000000|1.000000|4950.000000|0.000000|0.000000|0.000000|0.000000|0.000000|18000.000000|18000.000000|5000.000000|0.000000|0.000000|0.000000|0.000000|0.000000|0.000000|-0.001000|56.770000|0.300300|12000.000000|0.000000
20:31:15|0.000000|0.000000|0.000000|0.000000|115.000000|0.000000|-7500.000000|0.000000|111.000000|111.000000|120.000000|107.000000|120.000000|107.000000|2.000000|0.200000|0.000000|1.000000|0.000000|1.000000|0.000000|0.000000|0.000000|0.000000|1.000000|4950.000000|0.000000|0.000000|0.000000|0.000000|0.000000|18000.000000|18000.000000|5000.000000|0.000000|0.000000|0.000000|0.000000|0.000000|0.000000|-0.001000|56.770000|0.300300|12000.000000|0.000000
20:31:45|0.000000|0.000000|0.000000|0.000000|115.000000|0.000000|-7500.000000|0.000000|111.000000|111.000000|120.000000|107.000000|120.000000|107.000000|2.000000|0.200000|0.000000|1.000000|0.000000|1.000000|0.000000|0.000000|0.000000|0.000000|1.000000|4950.000000|0.000000|0.000000|0.000000|0.000000|0.000000|18000.000000|18000.000000|5000.000000|0.000000|0.000000|0.000000|0.000000|0.000000|0.000000|-0.001000|56.770000|0.300300|12000.000000|0.000000
20:32:16|0.000000|0.000000|0.000000|0.000000|115.000000|0.000000|-7500.000000|0.000000|111.000000|111.000000|120.000000|107.000000|120.000000|107.000000|2.000000|0.200000|0.000000|1.000000|0.000000|1.000000|0.000000|0.000000|0.000000|0.000000|1.000000|4950.000000|0.000000|0.000000|0.000000|0.000000|0.000000|18000.000000|18000.000000|5000.000000|0.000000|0.000000|0.000000|0.000000|0.000000|0.000000|-0.001000|56.770000|0.300300|12000.000000|0.000000
20:32:46|0.000000|0.000000|0.000000|0.000000|115.000000|0.000000|-7500.000000|0.000000|111.000000|111.000000|120.000000|107.000000|120.000000|107.000000|2.000000|0.200000|0.000000|1.000000|0.000000|1.000000|0.000000|0.000000|0.000000|0.000000|1.000000|4950.000000|0.000000|0.000000|0.000000|0.000000|0.000000|18000.000000|18000.000000|5000.000000|0.000000|0.000000|0.000000|0.000000|0.000000|0.000000|-0.001000|56.770000|0.300300|12000.000000|0.000000
20:33:16|0.000000|0.000000|0.000000|0.000000|115.000000|0.000000|-7500.000000|0.000000|111.000000|111.000000|120.000000|107.000000|120.000000|107.000000|2.000000|0.200000|0.000000|1.000000|0.000000|1.000000|0.000000|0.000000|0.000000|0.000000|1.000000|4950.000000|0.000000|0.000000|0.000000|0.000000|0.000000|18000.000000|18000.000000|5000.000000|0.000000|0.000000|0.000000|0.000000|0.000000|0.000000|-0.001000|56.770000|0.300300|12000.000000|0.000000
20:33:47|0.000000|0.000000|0.000000|0.000000|115.000000|0.000000|-7500.000000|0.000000|111.000000|111.000000|120.000000|107.000000|120.000000|107.000000|2.000000|0.200000|0.000000|1.000000|0.000000|1.000000|0.000000|0.000000|0.000000|0.000000|1.000000|4950.000000|0.000000|0.000000|0.000000|0.000000|0.000000|18000.000000|18000.000000|5000.000000|0.000000|0.000000|0.000000|0.000000|0.000000|0.000000|-0.001000|56.770000|0.300300|12000.000000|0.000000
20:34:18|0.000000|0.000000|0.000000|0.000000|115.000000|0.000000|-7500.000000|0.000000|111.000000|111.000000|120.000000|107.000000|120.000000|107.000000|2.000000|0.200000|0.000000|1.000000|0.000000|1.000000|0.000000|0.000000|0.000000|0.000000|1.000000|4950.000000|0.000000|0.000000|0.000000|0.000000|0.000000|18000.000000|18000.000000|5000.000000|0.000000|0.000000|0.000000|0.000000|0.000000|0.000000|-0.001000|56.770000|0.300300|12000.000000|0.000000
20:34:48|0.000000|0.000000|0.000000|0.000000|115.000000|0.000000|-7500.000000|0.000000|111.000000|111.000000|120.000000|107.000000|120.000000|107.000000|2.000000|0.200000|0.000000|1.000000|0.000000|1.000000|0.000000|0.000000|0.000000|0.000000|1.000000|4950.000000|0.000000|0.000000|0.000000|0.000000|0.000000|18000.000000|18000.000000|5000.000000|0.000000|0.000000|0.000000|0.000000|0.000000|0.000000|-0.001000|56.770000|0.300300|12000.000000|0.000000
20:35:19|0.000000|0.000000|0.000000|0.000000|115.000000|0.000000|-7500.000000|0.000000|111.000000|111.000000|120.000000|107.000000|120.000000|107.000000|2.000000|0.200000|0.000000|1.000000|0.000000|1.000000|0.000000|0.000000|0.000000|0.000000|1.000000|4950.000000|0.000000|0.000000|0.000000|0.000000|0.000000|18000.000000|18000.000000|5000.000000|0.000000|0.000000|0.000000|0.000000|0.000000|0.000000|-0.001000|56.770000|0.300300|12000.000000|0.000000
20:35:49|0.000000|0.000000|0.000000|0.000000|115.000000|0.000000|-7500.000000|0.000000|111.000000|111.000000|120.000000|107.000000|120.000000|107.000000|2.000000|0.200000|0.000000|1.000000|0.000000|1.000000|0.000000|0.000000|0.000000|0.000000|1.000000|4950.000000|0.000000|0.000000|0.000000|0.000000|0.000000|18000.000000|18000.000000|5000.000000|0.000000|0.000000|0.000000|0.000000|0.000000|0.000000|-0.001000|56.770000|0.300300|12000.000000|0.000000
20:36:19|0.000000|0.000000|0.000000|0.000000|115.000000|0.000000|-7500.000000|0.000000|111.000000|111.000000|120.000000|107.000000|120.000000|107.000000|2.000000|0.200000|0.000000|1.000000|0.000000|1.000000|0.000000|0.000000|0.000000|0.000000|1.000000|4950.000000|0.000000|0.000000|0.000000|0.000000|0.000000|18000.000000|18000.000000|5000.000000|0.000000|0.000000|0.000000|0.000000|0.000000|0.000000|-0.001000|56.770000|0.300300|12000.000000|0.000000
20:36:50|0.000000|0.000000|0.000000|0.000000|115.000000|0.000000|-7500.000000|0.000000|111.000000|111.000000|120.000000|107.000000|120.000000|107.000000|2.000000|0.200000|0.000000|1.000000|0.000000|1.000000|0.000000|0.000000|0.000000|0.000000|1.000000|4950.000000|0.000000|0.000000|0.000000|0.000000|0.000000|18000.000000|18000.000000|5000.000000|0.000000|0.000000|0.000000|0.000000|0.000000|0.000000|-0.001000|56.770000|0.300300|12000.000000|0.000000
20:37:20|0.000000|0.000000|0.000000|0.000000|115.000000|0.000000|-7500.000000|0.000000|111.000000|111.000000|120.000000|107.000000|120.000000|107.000000|2.000000|0.200000|0.000000|1.000000|0.000000|1.000000|0.000000|0.000000|0.000000|0.000000|1.000000|4950.000000|0.000000|0.000000|0.000000|0.000000|0.000000|18000.000000|18000.000000|5000.000000|0.000000|0.000000|0.000000|0.000000|0.000000|0.000000|-0.001000|56.770000|0.300300|12000.000000|0.000000
20:37:50|0.000000|0.000000|0.000000|0.000000|115.000000|0.000000|-7500.000000|0.000000|111.000000|111.000000|120.000000|107.000000|120.000000|107.000000|2.000000|0.200000|0.000000|1.000000|0.000000|1.000000|0.000000|0.000000|0.000000|0.000000|1.000000|4950.000000|0.000000|0.000000|0.000000|0.000000|0.000000|18000.000000|18000.000000|5000.000000|0.000000|0.000000|0.000000|0.000000|0.000000|0.000000|-0.001000|56.770000|0.300300|12000.000000|0.000000
20:38:20|0.000000|0.000000|0.000000|0.000000|115.000000|0.000000|-7500.000000|0.000000|111.000000|111.000000|120.000000|107.000000|120.000000|107.000000|2.000000|0.200000|0.000000|1.000000|0.000000|1.000000|0.000000|0.000000|0.000000|0.000000|1.000000|4950.000000|0.000000|0.000000|0.000000|0.000000|0.000000|18000.000000|18000.000000|5000.000000|0.000000|0.000000|0.000000|0.000000|0.000000|0.000000|-0.001000|56.770000|0.300300|12000.000000|0.000000
20:38:50|0.000000|0.000000|0.000000|0.000000|115.000000|0.000000|-7500.000000|0.000000|111.000000|111.000000|120.000000|107.000000|120.000000|107.000000|2.000000|0.200000|0.000000|1.000000|0.000000|1.000000|0.000000|0.000000|0.000000|0.000000|1.000000|4950.000000|0.000000|0.000000|0.000000|0.000000|0.000000|18000.000000|18000.000000|5000.000000|0.000000|0.000000|0.000000|0.000000|0.000000|0.000000|-0.001000|56.770000|0.300300|12000.000000|0.000000
20:39:21|0.000000|0.000000|0.000000|0.000000|115.000000|0.000000|-7500.000000|0.000000|111.000000|111.000000|120.000000|107.000000|120.000000|107.000000|2.000000|0.200000|0.000000|1.000000|0.000000|1.000000|0.000000|0.000000|0.000000|0.000000|1.000000|4950.000000|0.000000|0.000000|0.000000|0.000000|0.000000|18000.000000|18000.000000|5000.000000|0.000000|0.000000|0.000000|0.000000|0.000000|0.000000|-0.001000|56.770000|0.300300|12000.000000|0.000000
20:39:51|0.000000|0.000000|0.000000|0.000000|115.000000|0.000000|-7500.000000|0.000000|111.000000|111.000000|120.000000|107.000000|120.000000|107.000000|2.000000|0.200000|0.000000|1.000000|0.000000|1.000000|0.000000|0.000000|0.000000|0.000000|1.000000|4950.000000|0.000000|0.000000|0.000000|0.000000|0.000000|18000.000000|18000.000000|5000.000000|0.000000|0.000000|0.000000|0.000000|0.000000|0.000000|-0.001000|56.770000|0.300300|12000.000000|0.000000
20:40:21|0.000000|0.000000|0.000000|0.000000|115.000000|0.000000|-7500.000000|0.000000|111.000000|111.000000|120.000000|107.000000|120.000000|107.000000|2.000000|0.200000|0.000000|1.000000|0.000000|1.000000|0.000000|0.000000|0.000000|0.000000|1.000000|4950.000000|0.000000|0.000000|0.000000|0.000000|0.000000|18000.000000|18000.000000|5000.000000|0.000000|0.000000|0.000000|0.000000|0.000000|0.000000|-0.001000|56.770000|0.300300|12000.000000|0.000000
20:40:51|0.000000|0.000000|0.000000|0.000000|115.000000|0.000000|-7500.000000|0.000000|111.000000|111.000000|120.000000|107.000000|120.000000|107.000000|2.000000|0.200000|0.000000|1.000000|0.000000|1.000000|0.000000|0.000000|0.000000|0.000000|1.000000|4950.000000|0.000000|0.000000|0.000000|0.000000|0.000000|18000.000000|18000.000000|5000.000000|0.000000|0.000000|0.000000|0.000000|0.000000|0.000000|-0.001000|56.770000|0.300300|12000.000000|0.000000
20:41:21|0.000000|0.000000|0.000000|0.000000|115.000000|0.000000|-7500.000000|0.000000|111.000000|111.000000|120.000000|107.000000|120.000000|107.000000|2.000000|0.200000|0.000000|1.000000|0.000000|1.000000|0.000000|0.000000|0.000000|0.000000|1.000000|4950.000000|0.000000|0.000000|0.000000|0.000000|0.000000|18000.000000|18000.000000|5000.000000|0.000000|0.000000|0.000000|0.000000|0.000000|0.000000|-0.001000|56.770000|0.300300|12000.000000|0.000000
20:41:51|0.000000|0.000000|0.000000|0.000000|115.000000|0.000000|-7500.000000|0.000000|111.000000|111.000000|120.000000|107.000000|120.000000|107.000000|2.000000|0.200000|0.000000|1.000000|0.000000|1.000000|0.000000|0.000000|0.000000|0.000000|1.000000|4950.000000|0.000000|0.000000|0.000000|0.000000|0.000000|18000.000000|18000.000000|5000.000000|0.000000|0.000000|0.000000|0.000000|0.000000|0.000000|-0.001000|56.770000|0.300300|12000.000000|0.000000
20:42:21|0.000000|0.000000|0.000000|0.000000|115.000000|0.000000|-7500.000000|0.000000|111.000000|111.000000|120.000000|107.000000|120.000000|107.000000|2.000000|0.200000|0.000000|1.000000|0.000000|1.000000|0.000000|0.000000|0.000000|0.000000|1.000000|4950.000000|0.000000|0.000000|0.000000|0.000000|0.000000|18000.000000|18000.000000|5000.000000|0.000000|0.000000|0.000000|0.000000|0.000000|0.000000|-0.001000|56.770000|0.300300|12000.000000|0.000000
20:42:52|0.000000|0.000000|0.000000|0.000000|115.000000|0.000000|-7500.000000|0.000000|111.000000|111.000000|120.000000|107.000000|120.000000|107.000000|2.000000|0.200000|0.000000|1.000000|0.000000|1.000000|0.000000|0.000000|0.000000|0.000000|1.000000|4950.000000|0.000000|0.000000|0.000000|0.000000|0.000000|18000.000000|18000.000000|5000.000000|0.000000|0.000000|0.000000|0.000000|0.000000|0.000000|-0.001000|56.770000|0.300300|12000.000000|0.000000
20:43:22|0.000000|0.000000|0.000000|0.000000|115.000000|0.000000|-7500.000000|0.000000|111.000000|111.000000|120.000000|107.000000|120.000000|107.000000|2.000000|0.200000|0.000000|1.000000|0.000000|1.000000|0.000000|0.000000|0.000000|0.000000|1.000000|4950.000000|0.000000|0.000000|0.000000|0.000000|0.000000|18000.000000|18000.000000|5000.000000|0.000000|0.000000|0.000000|0.000000|0.000000|0.000000|-0.001000|56.770000|0.300300|12000.000000|0.000000
20:43:52|0.000000|0.000000|0.000000|0.000000|115.000000|0.000000|-7500.000000|0.000000|111.000000|111.000000|120.000000|107.000000|120.000000|107.000000|2.000000|0.200000|0.000000|1.000000|0.000000|1.000000|0.000000|0.000000|0.000000|0.000000|1.000000|4950.000000|0.000000|0.000000|0.000000|0.000000|0.000000|18000.000000|18000.000000|5000.000000|0.000000|0.000000|0.000000|0.000000|0.000000|0.000000|-0.001000|56.770000|0.300300|12000.000000|0.000000
20:44:22|0.000000|0.000000|0.000000|0.000000|115.000000|0.000000|-7500.000000|0.000000|111.000000|111.000000|120.000000|107.000000|120.000000|107.000000|2.000000|0.200000|0.000000|1.000000|0.000000|1.000000|0.000000|0.000000|0.000000|0.000000|1.000000|4950.000000|0.000000|0.000000|0.000000|0.000000|0.000000|18000.000000|18000.000000|5000.000000|0.000000|0.000000|0.000000|0.000000|0.000000|0.000000|-0.001000|56.770000|0.300300|12000.000000|0.000000
20:44:52|0.000000|0.000000|0.000000|0.000000|115.000000|0.000000|-7500.000000|0.000000|111.000000|111.000000|120.000000|107.000000|120.000000|107.000000|2.000000|0.200000|0.000000|1.000000|0.000000|1.000000|0.000000|0.000000|0.000000|0.000000|1.000000|4950.000000|0.000000|0.000000|0.000000|0.000000|0.000000|18000.000000|18000.000000|5000.000000|0.000000|0.000000|0.000000|0.000000|0.000000|0.000000|-0.001000|56.770000|0.300300|12000.000000|0.000000
20:45:22|0.000000|0.000000|0.000000|0.000000|115.000000|0.000000|-7500.000000|0.000000|111.000000|111.000000|120.000000|107.000000|120.000000|107.000000|2.000000|0.200000|0.000000|1.000000|0.000000|1.000000|0.000000|0.000000|0.000000|0.000000|1.000000|4950.000000|0.000000|0.000000|0.000000|0.000000|0.000000|18000.000000|18000.000000|5000.000000|0.000000|0.000000|0.000000|0.000000|0.000000|0.000000|-0.001000|56.770000|0.300300|12000.000000|0.000000
20:45:53|0.000000|0.000000|0.000000|0.000000|115.000000|0.000000|-7500.000000|0.000000|111.000000|111.000000|120.000000|107.000000|120.000000|107.000000|2.000000|0.200000|0.000000|1.000000|0.000000|1.000000|0.000000|0.000000|0.000000|0.000000|1.000000|4950.000000|0.000000|0.000000|0.000000|0.000000|0.000000|18000.000000|18000.000000|5000.000000|0.000000|0.000000|0.000000|0.000000|0.000000|0.000000|-0.001000|56.770000|0.300300|12000.000000|0.000000
20:46:23|0.000000|0.000000|0.000000|0.000000|115.000000|0.000000|-7500.000000|0.000000|111.000000|111.000000|120.000000|107.000000|120.000000|107.000000|2.000000|0.200000|0.000000|1.000000|0.000000|1.000000|0.000000|0.000000|0.000000|0.000000|1.000000|4950.000000|0.000000|0.000000|0.000000|0.000000|0.000000|18000.000000|18000.000000|5000.000000|0.000000|0.000000|0.000000|0.000000|0.000000|0.000000|-0.001000|56.770000|0.300300|12000.000000|0.000000
20:46:53|0.000000|0.000000|0.000000|0.000000|115.000000|0.000000|-7500.000000|0.000000|111.000000|111.000000|120.000000|107.000000|120.000000|107.000000|2.000000|0.200000|0.000000|1.000000|0.000000|1.000000|0.000000|0.000000|0.000000|0.000000|1.000000|4950.000000|0.000000|0.000000|0.000000|0.000000|0.000000|18000.000000|18000.000000|5000.000000|0.000000|0.000000|0.000000|0.000000|0.000000|0.000000|-0.001000|56.770000|0.300300|12000.000000|0.000000
20:47:23|0.000000|0.000000|0.000000|0.000000|115.000000|0.000000|-7500.000000|0.000000|111.000000|111.000000|120.000000|107.000000|120.000000|107.000000|2.000000|0.200000|0.000000|1.000000|0.000000|1.000000|0.000000|0.000000|0.000000|0.000000|1.000000|4950.000000|0.000000|0.000000|0.000000|0.000000|0.000000|18000.000000|18000.000000|5000.000000|0.000000|0.000000|0.000000|0.000000|0.000000|0.000000|-0.001000|56.770000|0.300300|12000.000000|0.000000
20:47:53|0.000000|0.000000|0.000000|0.000000|115.000000|0.000000|-7500.000000|0.000000|111.000000|111.000000|120.000000|107.000000|120.000000|107.000000|2.000000|0.200000|0.000000|1.000000|0.000000|1.000000|0.000000|0.000000|0.000000|0.000000|1.000000|4950.000000|0.000000|0.000000|0.000000|0.000000|0.000000|18000.000000|18000.000000|5000.000000|0.000000|0.000000|0.000000|0.000000|0.000000|0.000000|-0.001000|56.770000|0.300300|12000.000000|0.000000
20:48:23|0.000000|0.000000|0.000000|0.000000|115.000000|0.000000|-7500.000000|0.000000|111.000000|111.000000|120.000000|107.000000|120.000000|107.000000|2.000000|0.200000|0.000000|1.000000|0.000000|1.000000|0.000000|0.000000|0.000000|0.000000|1.000000|4950.000000|0.000000|0.000000|0.000000|0.000000|0.000000|18000.000000|18000.000000|5000.000000|0.000000|0.000000|0.000000|0.000000|0.000000|0.000000|-0.001000|56.770000|0.300300|12000.000000|0.000000
20:48:53|0.000000|0.000000|0.000000|0.000000|115.000000|0.000000|-7500.000000|0.000000|111.000000|111.000000|120.000000|107.000000|120.000000|107.000000|2.000000|0.200000|0.000000|1.000000|0.000000|1.000000|0.000000|0.000000|0.000000|0.000000|1.000000|4950.000000|0.000000|0.000000|0.000000|0.000000|0.000000|18000.000000|18000.000000|5000.000000|0.000000|0.000000|0.000000|0.000000|0.000000|0.000000|-0.001000|56.770000|0.300300|12000.000000|0.000000
20:49:23|0.000000|0.000000|0.000000|0.000000|115.000000|0.000000|-7500.000000|0.000000|111.000000|111.000000|120.000000|107.000000|120.000000|107.000000|2.000000|0.200000|0.000000|1.000000|0.000000|1.000000|0.000000|0.000000|0.000000|0.000000|1.000000|4950.000000|0.000000|0.000000|0.000000|0.000000|0.000000|18000.000000|18000.000000|5000.000000|0.000000|0.000000|0.000000|0.000000|0.000000|0.000000|-0.001000|56.770000|0.300300|12000.000000|0.000000
20:49:54|0.000000|0.000000|0.000000|0.000000|115.000000|0.000000|-7500.000000|0.000000|111.000000|111.000000|120.000000|107.000000|120.000000|107.000000|2.000000|0.200000|0.000000|1.000000|0.000000|1.000000|0.000000|0.000000|0.000000|0.000000|1.000000|4950.000000|0.000000|0.000000|0.000000|0.000000|0.000000|18000.000000|18000.000000|5000.000000|0.000000|0.000000|0.000000|0.000000|0.000000|0.000000|-0.001000|56.770000|0.300300|12000.000000|0.000000
20:50:24|0.000000|0.000000|0.000000|0.000000|115.000000|0.000000|-7500.000000|0.000000|111.000000|111.000000|120.000000|107.000000|120.000000|107.000000|2.000000|0.200000|0.000000|1.000000|0.000000|1.000000|0.000000|0.000000|0.000000|0.000000|1.000000|4950.000000|0.000000|0.000000|0.000000|0.000000|0.000000|18000.000000|18000.000000|5000.000000|0.000000|0.000000|0.000000|0.000000|0.000000|0.000000|-0.001000|56.770000|0.300300|12000.000000|0.000000
20:50:54|0.000000|0.000000|0.000000|0.000000|115.000000|0.000000|-7500.000000|0.000000|111.000000|111.000000|120.000000|107.000000|120.000000|107.000000|2.000000|0.200000|0.000000|1.000000|0.000000|1.000000|0.000000|0.000000|0.000000|0.000000|1.000000|4950.000000|0.000000|0.000000|0.000000|0.000000|0.000000|18000.000000|18000.000000|5000.000000|0.000000|0.000000|0.000000|0.000000|0.000000|0.000000|-0.001000|56.770000|0.300300|12000.000000|0.000000
20:51:24|0.000000|0.000000|0.000000|0.000000|115.000000|0.000000|-7500.000000|0.000000|111.000000|111.000000|120.000000|107.000000|120.000000|107.000000|2.000000|0.200000|0.000000|1.000000|0.000000|1.000000|0.000000|0.000000|0.000000|0.000000|1.000000|4950.000000|0.000000|0.000000|0.000000|0.000000|0.000000|18000.000000|18000.000000|5000.000000|0.000000|0.000000|0.000000|0.000000|0.000000|0.000000|-0.001000|56.770000|0.300300|12000.000000|0.000000
20:51:54|0.000000|0.000000|0.000000|0.000000|115.000000|0.000000|-7500.000000|0.000000|111.000000|111.000000|120.000000|107.000000|120.000000|107.000000|2.000000|0.200000|0.000000|1.000000|0.000000|1.000000|0.000000|0.000000|0.000000|0.000000|1.000000|4950.000000|0.000000|0.000000|0.000000|0.000000|0.000000|18000.000000|18000.000000|5000.000000|0.000000|0.000000|0.000000|0.000000|0.000000|0.000000|-0.001000|56.770000|0.300300|12000.000000|0.000000
20:52:24|0.000000|0.000000|0.000000|0.000000|115.000000|0.000000|-7500.000000|0.000000|111.000000|111.000000|120.000000|107.000000|120.000000|107.000000|2.000000|0.200000|0.000000|1.000000|0.000000|1.000000|0.000000|0.000000|0.000000|0.000000|1.000000|4950.000000|0.000000|0.000000|0.000000|0.000000|0.000000|18000.000000|18000.000000|5000.000000|0.000000|0.000000|0.000000|0.000000|0.000000|0.000000|-0.001000|56.770000|0.300300|12000.000000|0.000000
20:52:54|0.000000|0.000000|0.000000|0.000000|115.000000|0.000000|-7500.000000|0.000000|111.000000|111.000000|120.000000|107.000000|120.000000|107.000000|2.000000|0.200000|0.000000|1.000000|0.000000|1.000000|0.000000|0.000000|0.000000|0.000000|1.000000|4950.000000|0.000000|0.000000|0.000000|0.000000|0.000000|18000.000000|18000.000000|5000.000000|0.000000|0.000000|0.000000|0.000000|0.000000|0.000000|-0.001000|56.770000|0.300300|12000.000000|0.000000
20:53:25|0.000000|0.000000|0.000000|0.000000|115.000000|0.000000|-7500.000000|0.000000|111.000000|111.000000|120.000000|107.000000|120.000000|107.000000|2.000000|0.200000|0.000000|1.000000|0.000000|1.000000|0.000000|0.000000|0.000000|0.000000|1.000000|4950.000000|0.000000|0.000000|0.000000|0.000000|0.000000|18000.000000|18000.000000|5000.000000|0.000000|0.000000|0.000000|0.000000|0.000000|0.000000|-0.001000|56.770000|0.300300|12000.000000|0.000000
20:53:55|0.000000|0.000000|0.000000|0.000000|115.000000|0.000000|-7500.000000|0.000000|111.000000|111.000000|120.000000|107.000000|120.000000|107.000000|2.000000|0.200000|0.000000|1.000000|0.000000|1.000000|0.000000|0.000000|0.000000|0.000000|1.000000|4950.000000|0.000000|0.000000|0.000000|0.000000|0.000000|18000.000000|18000.000000|5000.000000|0.000000|0.000000|0.000000|0.000000|0.000000|0.000000|-0.001000|56.770000|0.300300|12000.000000|0.000000
20:54:25|0.000000|0.000000|0.000000|0.000000|115.000000|0.000000|-7500.000000|0.000000|111.000000|111.000000|120.000000|107.000000|120.000000|107.000000|2.000000|0.200000|0.000000|1.000000|0.000000|1.000000|0.000000|0.000000|0.000000|0.000000|1.000000|4950.000000|0.000000|0.000000|0.000000|0.000000|0.000000|18000.000000|18000.000000|5000.000000|0.000000|0.000000|0.000000|0.000000|0.000000|0.000000|-0.001000|56.770000|0.300300|12000.000000|0.000000
20:54:55|0.000000|0.000000|0.000000|0.000000|115.000000|0.000000|-7500.000000|0.000000|111.000000|111.000000|120.000000|107.000000|120.000000|107.000000|2.000000|0.200000|0.000000|1.000000|0.000000|1.000000|0.000000|0.000000|0.000000|0.000000|1.000000|4950.000000|0.000000|0.000000|0.000000|0.000000|0.000000|18000.000000|18000.000000|5000.000000|0.000000|0.000000|0.000000|0.000000|0.000000|0.000000|-0.001000|56.770000|0.300300|12000.000000|0.000000
20:55:25|0.000000|0.000000|0.000000|0.000000|115.000000|0.000000|-7500.000000|0.000000|111.000000|111.000000|120.000000|107.000000|120.000000|107.000000|2.000000|0.200000|0.000000|1.000000|0.000000|1.000000|0.000000|0.000000|0.000000|0.000000|1.000000|4950.000000|0.000000|0.000000|0.000000|0.000000|0.000000|18000.000000|18000.000000|5000.000000|0.000000|0.000000|0.000000|0.000000|0.000000|0.000000|-0.001000|56.770000|0.300300|12000.000000|0.000000
20:55:55|0.000000|0.000000|0.000000|0.000000|115.000000|0.000000|-7500.000000|0.000000|111.000000|111.000000|120.000000|107.000000|120.000000|107.000000|2.000000|0.200000|0.000000|1.000000|0.000000|1.000000|0.000000|0.000000|0.000000|0.000000|1.000000|4950.000000|0.000000|0.000000|0.000000|0.000000|0.000000|18000.000000|18000.000000|5000.000000|0.000000|0.000000|0.000000|0.000000|0.000000|0.000000|-0.001000|56.770000|0.300300|12000.000000|0.000000
20:56:25|0.000000|0.000000|0.000000|0.000000|115.000000|0.000000|-7500.000000|0.000000|111.000000|111.000000|120.000000|107.000000|120.000000|107.000000|2.000000|0.200000|0.000000|1.000000|0.000000|1.000000|0.000000|0.000000|0.000000|0.000000|1.000000|4950.000000|0.000000|0.000000|0.000000|0.000000|0.000000|18000.000000|18000.000000|5000.000000|0.000000|0.000000|0.000000|0.000000|0.000000|0.000000|-0.001000|56.770000|0.300300|12000.000000|0.000000
20:56:55|0.000000|0.000000|0.000000|0.000000|115.000000|0.000000|-7500.000000|0.000000|111.000000|111.000000|120.000000|107.000000|120.000000|107.000000|2.000000|0.200000|0.000000|1.000000|0.000000|1.000000|0.000000|0.000000|0.000000|0.000000|1.000000|4950.000000|0.000000|0.000000|0.000000|0.000000|0.000000|18000.000000|18000.000000|5000.000000|0.000000|0.000000|0.000000|0.000000|0.000000|0.000000|-0.001000|56.770000|0.300300|12000.000000|0.000000
20:57:25|0.000000|0.000000|0.000000|0.000000|115.000000|0.000000|-7500.000000|0.000000|111.000000|111.000000|120.000000|107.000000|120.000000|107.000000|2.000000|0.200000|0.000000|1.000000|0.000000|1.000000|0.000000|0.000000|0.000000|0.000000|1.000000|4950.000000|0.000000|0.000000|0.000000|0.000000|0.000000|18000.000000|18000.000000|5000.000000|0.000000|0.000000|0.000000|0.000000|0.000000|0.000000|-0.001000|56.770000|0.300300|12000.000000|0.000000
20:57:56|0.000000|0.000000|0.000000|0.000000|115.000000|0.000000|-7500.000000|0.000000|111.000000|111.000000|120.000000|107.000000|120.000000|107.000000|2.000000|0.200000|0.000000|1.000000|0.000000|1.000000|0.000000|0.000000|0.000000|0.000000|1.000000|4950.000000|0.000000|0.000000|0.000000|0.000000|0.000000|18000.000000|18000.000000|5000.000000|0.000000|0.000000|0.000000|0.000000|0.000000|0.000000|-0.001000|56.770000|0.300300|12000.000000|0.000000
20:58:26|0.000000|0.000000|0.000000|0.000000|115.000000|0.000000|-7500.000000|0.000000|111.000000|111.000000|120.000000|107.000000|120.000000|107.000000|2.000000|0.200000|0.000000|1.000000|0.000000|1.000000|0.000000|0.000000|0.000000|0.000000|1.000000|4950.000000|0.000000|0.000000|0.000000|0.000000|0.000000|18000.000000|18000.000000|5000.000000|0.000000|0.000000|0.000000|0.000000|0.000000|0.000000|-0.001000|56.770000|0.300300|12000.000000|0.000000
20:58:56|0.000000|0.000000|0.000000|0.000000|115.000000|0.000000|-7500.000000|0.000000|111.000000|111.000000|120.000000|107.000000|120.000000|107.000000|2.000000|0.200000|0.000000|1.000000|0.000000|1.000000|0.000000|0.000000|0.000000|0.000000|1.000000|4950.000000|0.000000|0.000000|0.000000|0.000000|0.000000|18000.000000|18000.000000|5000.000000|0.000000|0.000000|0.000000|0.000000|0.000000|0.000000|-0.001000|56.770000|0.300300|12000.000000|0.000000
20:59:26|0.000000|0.000000|0.000000|0.000000|115.000000|0.000000|-7500.000000|0.000000|111.000000|111.000000|120.000000|107.000000|120.000000|107.000000|2.000000|0.200000|0.000000|1.000000|0.000000|1.000000|0.000000|0.000000|0.000000|0.000000|1.000000|4950.000000|0.000000|0.000000|0.000000|0.000000|0.000000|18000.000000|18000.000000|5000.000000|0.000000|0.000000|0.000000|0.000000|0.000000|0.000000|-0.001000|56.770000|0.300300|12000.000000|0.000000
20:59:56|0.000000|0.000000|0.000000|0.000000|115.000000|0.000000|-7500.000000|0.000000|111.000000|111.000000|120.000000|107.000000|120.000000|107.000000|2.000000|0.200000|0.000000|1.000000|0.000000|1.000000|0.000000|0.000000|0.000000|0.000000|1.000000|4950.000000|0.000000|0.000000|0.000000|0.000000|0.000000|18000.000000|18000.000000|5000.000000|0.000000|0.000000|0.000000|0.000000|0.000000|0.000000|-0.001000|56.770000|0.300300|12000.000000|0.000000
21:00:26|0.000000|0.000000|0.000000|0.000000|115.000000|0.000000|-7500.000000|0.000000|111.000000|111.000000|120.000000|107.000000|120.000000|107.000000|2.000000|0.200000|0.000000|1.000000|0.000000|1.000000|0.000000|0.000000|0.000000|0.000000|1.000000|4950.000000|0.000000|0.000000|0.000000|0.000000|0.000000|18000.000000|18000.000000|5000.000000|0.000000|0.000000|0.000000|0.000000|0.000000|0.000000|-0.001000|56.770000|0.300300|12000.000000|0.000000
21:00:57|0.000000|0.000000|0.000000|0.000000|115.000000|0.000000|-7500.000000|0.000000|111.000000|111.000000|120.000000|107.000000|120.000000|107.000000|2.000000|0.200000|0.000000|1.000000|0.000000|1.000000|0.000000|0.000000|0.000000|0.000000|1.000000|4950.000000|0.000000|0.000000|0.000000|0.000000|0.000000|18000.000000|18000.000000|5000.000000|0.000000|0.000000|0.000000|0.000000|0.000000|0.000000|-0.001000|56.770000|0.300300|12000.000000|0.000000
21:01:27|0.000000|0.000000|0.000000|0.000000|115.000000|0.000000|-7500.000000|0.000000|111.000000|111.000000|120.000000|107.000000|120.000000|107.000000|2.000000|0.200000|0.000000|1.000000|0.000000|1.000000|0.000000|0.000000|0.000000|0.000000|1.000000|4950.000000|0.000000|0.000000|0.000000|0.000000|0.000000|18000.000000|18000.000000|5000.000000|0.000000|0.000000|0.000000|0.000000|0.000000|0.000000|-0.001000|56.770000|0.300300|12000.000000|0.000000
21:01:57|0.000000|0.000000|0.000000|0.000000|115.000000|0.000000|-7500.000000|0.000000|111.000000|111.000000|120.000000|107.000000|120.000000|107.000000|2.000000|0.200000|0.000000|1.000000|0.000000|1.000000|0.000000|0.000000|0.000000|0.000000|1.000000|4950.000000|0.000000|0.000000|0.000000|0.000000|0.000000|18000.000000|18000.000000|5000.000000|0.000000|0.000000|0.000000|0.000000|0.000000|0.000000|-0.001000|56.770000|0.300300|12000.000000|0.000000
21:02:27|0.000000|0.000000|0.000000|0.000000|115.000000|0.000000|-7500.000000|0.000000|111.000000|111.000000|120.000000|107.000000|120.000000|107.000000|2.000000|0.200000|0.000000|1.000000|0.000000|1.000000|0.000000|0.000000|0.000000|0.000000|1.000000|4950.000000|0.000000|0.000000|0.000000|0.000000|0.000000|18000.000000|18000.000000|5000.000000|0.000000|0.000000|0.000000|0.000000|0.000000|0.000000|-0.001000|56.770000|0.300300|12000.000000|0.000000
21:02:58|0.000000|0.000000|0.000000|0.000000|115.000000|0.000000|-7500.000000|0.000000|111.000000|111.000000|120.000000|107.000000|120.000000|107.000000|2.000000|0.200000|0.000000|1.000000|0.000000|1.000000|0.000000|0.000000|0.000000|0.000000|1.000000|4950.000000|0.000000|0.000000|0.000000|0.000000|0.000000|18000.000000|18000.000000|5000.000000|0.000000|0.000000|0.000000|0.000000|0.000000|0.000000|-0.001000|56.770000|0.300300|12000.000000|0.000000
21:03:28|0.000000|0.000000|0.000000|0.000000|115.000000|0.000000|-7500.000000|0.000000|111.000000|111.000000|120.000000|107.000000|120.000000|107.000000|2.000000|0.200000|0.000000|1.000000|0.000000|1.000000|0.000000|0.000000|0.000000|0.000000|1.000000|4950.000000|0.000000|0.000000|0.000000|0.000000|0.000000|18000.000000|18000.000000|5000.000000|0.000000|0.000000|0.000000|0.000000|0.000000|0.000000|-0.001000|56.770000|0.300300|12000.000000|0.000000
21:03:58|0.000000|0.000000|0.000000|0.000000|115.000000|0.000000|-7500.000000|0.000000|111.000000|111.000000|120.000000|107.000000|120.000000|107.000000|2.000000|0.200000|0.000000|1.000000|0.000000|1.000000|0.000000|0.000000|0.000000|0.000000|1.000000|4950.000000|0.000000|0.000000|0.000000|0.000000|0.000000|18000.000000|18000.000000|5000.000000|0.000000|0.000000|0.000000|0.000000|0.000000|0.000000|-0.001000|56.770000|0.300300|12000.000000|0.000000
21:04:28|0.000000|0.000000|0.000000|0.000000|115.000000|0.000000|-7500.000000|0.000000|111.000000|111.000000|120.000000|107.000000|120.000000|107.000000|2.000000|0.200000|0.000000|1.000000|0.000000|1.000000|0.000000|0.000000|0.000000|0.000000|1.000000|4950.000000|0.000000|0.000000|0.000000|0.000000|0.000000|18000.000000|18000.000000|5000.000000|0.000000|0.000000|0.000000|0.000000|0.000000|0.000000|-0.001000|56.770000|0.300300|12000.000000|0.000000
21:04:58|0.000000|0.000000|0.000000|0.000000|115.000000|0.000000|-7500.000000|0.000000|111.000000|111.000000|120.000000|107.000000|120.000000|107.000000|2.000000|0.200000|0.000000|1.000000|0.000000|1.000000|0.000000|0.000000|0.000000|0.000000|1.000000|4950.000000|0.000000|0.000000|0.000000|0.000000|0.000000|18000.000000|18000.000000|5000.000000|0.000000|0.000000|0.000000|0.000000|0.000000|0.000000|-0.001000|56.770000|0.300300|12000.000000|0.000000
21:05:28|0.000000|0.000000|0.000000|0.000000|115.000000|0.000000|-7500.000000|0.000000|111.000000|111.000000|120.000000|107.000000|120.000000|107.000000|2.000000|0.200000|0.000000|1.000000|0.000000|1.000000|0.000000|0.000000|0.000000|0.000000|1.000000|4950.000000|0.000000|0.000000|0.000000|0.000000|0.000000|18000.000000|18000.000000|5000.000000|0.000000|0.000000|0.000000|0.000000|0.000000|0.000000|-0.001000|56.770000|0.300300|12000.000000|0.000000
21:05:58|0.000000|0.000000|0.000000|0.000000|115.000000|0.000000|-7500.000000|0.000000|111.000000|111.000000|120.000000|107.000000|120.000000|107.000000|2.000000|0.200000|0.000000|1.000000|0.000000|1.000000|0.000000|0.000000|0.000000|0.000000|1.000000|4950.000000|0.000000|0.000000|0.000000|0.000000|0.000000|18000.000000|18000.000000|5000.000000|0.000000|0.000000|0.000000|0.000000|0.000000|0.000000|-0.001000|56.770000|0.300300|12000.000000|0.000000
21:06:29|0.000000|0.000000|0.000000|0.000000|115.000000|0.000000|-7500.000000|0.000000|111.000000|111.000000|120.000000|107.000000|120.000000|107.000000|2.000000|0.200000|0.000000|1.000000|0.000000|1.000000|0.000000|0.000000|0.000000|0.000000|1.000000|4950.000000|0.000000|0.000000|0.000000|0.000000|0.000000|18000.000000|18000.000000|5000.000000|0.000000|0.000000|0.000000|0.000000|0.000000|0.000000|-0.001000|56.770000|0.300300|12000.000000|0.000000
21:06:59|0.000000|0.000000|0.000000|0.000000|115.000000|0.000000|-7500.000000|0.000000|111.000000|111.000000|120.000000|107.000000|120.000000|107.000000|2.000000|0.200000|0.000000|1.000000|0.000000|1.000000|0.000000|0.000000|0.000000|0.000000|1.000000|4950.000000|0.000000|0.000000|0.000000|0.000000|0.000000|18000.000000|18000.000000|5000.000000|0.000000|0.000000|0.000000|0.000000|0.000000|0.000000|-0.001000|56.770000|0.300300|12000.000000|0.000000
21:07:29|0.000000|0.000000|0.000000|0.000000|115.000000|0.000000|-7500.000000|0.000000|111.000000|111.000000|120.000000|107.000000|120.000000|107.000000|2.000000|0.200000|0.000000|1.000000|0.000000|1.000000|0.000000|0.000000|0.000000|0.000000|1.000000|4950.000000|0.000000|0.000000|0.000000|0.000000|0.000000|18000.000000|18000.000000|5000.000000|0.000000|0.000000|0.000000|0.000000|0.000000|0.000000|-0.001000|56.770000|0.300300|12000.000000|0.000000
21:07:59|0.000000|0.000000|0.000000|0.000000|115.000000|0.000000|-7500.000000|0.000000|111.000000|111.000000|120.000000|107.000000|120.000000|107.000000|2.000000|0.200000|0.000000|1.000000|0.000000|1.000000|0.000000|0.000000|0.000000|0.000000|1.000000|4950.000000|0.000000|0.000000|0.000000|0.000000|0.000000|18000.000000|18000.000000|5000.000000|0.000000|0.000000|0.000000|0.000000|0.000000|0.000000|-0.001000|56.770000|0.300300|12000.000000|0.000000
21:08:29|0.000000|0.000000|0.000000|0.000000|115.000000|0.000000|-7500.000000|0.000000|111.000000|111.000000|120.000000|107.000000|120.000000|107.000000|2.000000|0.200000|0.000000|1.000000|0.000000|1.000000|0.000000|0.000000|0.000000|0.000000|1.000000|4950.000000|0.000000|0.000000|0.000000|0.000000|0.000000|18000.000000|18000.000000|5000.000000|0.000000|0.000000|0.000000|0.000000|0.000000|0.000000|-0.001000|56.770000|0.300300|12000.000000|0.000000
21:08:59|0.000000|0.000000|0.000000|0.000000|115.000000|0.000000|-7500.000000|0.000000|111.000000|111.000000|120.000000|107.000000|120.000000|107.000000|2.000000|0.200000|0.000000|1.000000|0.000000|1.000000|0.000000|0.000000|0.000000|0.000000|1.000000|4950.000000|0.000000|0.000000|0.000000|0.000000|0.000000|18000.000000|18000.000000|5000.000000|0.000000|0.000000|0.000000|0.000000|0.000000|0.000000|-0.001000|56.770000|0.300300|12000.000000|0.000000
21:09:29|0.000000|0.000000|0.000000|0.000000|115.000000|0.000000|-7500.000000|0.000000|111.000000|111.000000|120.000000|107.000000|120.000000|107.000000|2.000000|0.200000|0.000000|1.000000|0.000000|1.000000|0.000000|0.000000|0.000000|0.000000|1.000000|4950.000000|0.000000|0.000000|0.000000|0.000000|0.000000|18000.000000|18000.000000|5000.000000|0.000000|0.000000|0.000000|0.000000|0.000000|0.000000|-0.001000|56.770000|0.300300|12000.000000|0.000000
21:10:00|0.000000|0.000000|0.000000|0.000000|115.000000|0.000000|-7500.000000|0.000000|111.000000|111.000000|120.000000|107.000000|120.000000|107.000000|2.000000|0.200000|0.000000|1.000000|0.000000|1.000000|0.000000|0.000000|0.000000|0.000000|1.000000|4950.000000|0.000000|0.000000|0.000000|0.000000|0.000000|18000.000000|18000.000000|5000.000000|0.000000|0.000000|0.000000|0.000000|0.000000|0.000000|-0.001000|56.770000|0.300300|12000.000000|0.000000
21:10:30|0.000000|0.000000|0.000000|0.000000|115.000000|0.000000|-7500.000000|0.000000|111.000000|111.000000|120.000000|107.000000|120.000000|107.000000|2.000000|0.200000|0.000000|1.000000|0.000000|1.000000|0.000000|0.000000|0.000000|0.000000|1.000000|4950.000000|0.000000|0.000000|0.000000|0.000000|0.000000|18000.000000|18000.000000|5000.000000|0.000000|0.000000|0.000000|0.000000|0.000000|0.000000|-0.001000|56.770000|0.300300|12000.000000|0.000000
21:11:00|0.000000|0.000000|0.000000|0.000000|115.000000|0.000000|-7500.000000|0.000000|111.000000|111.000000|120.000000|107.000000|120.000000|107.000000|2.000000|0.200000|0.000000|1.000000|0.000000|1.000000|0.000000|0.000000|0.000000|0.000000|1.000000|4950.000000|0.000000|0.000000|0.000000|0.000000|0.000000|18000.000000|18000.000000|5000.000000|0.000000|0.000000|0.000000|0.000000|0.000000|0.000000|-0.001000|56.770000|0.300300|12000.000000|0.000000
21:11:30|0.000000|0.000000|0.000000|0.000000|115.000000|0.000000|-7500.000000|0.000000|111.000000|111.000000|120.000000|107.000000|120.000000|107.000000|2.000000|0.200000|0.000000|1.000000|0.000000|1.000000|0.000000|0.000000|0.000000|0.000000|1.000000|4950.000000|0.000000|0.000000|0.000000|0.000000|0.000000|18000.000000|18000.000000|5000.000000|0.000000|0.000000|0.000000|0.000000|0.000000|0.000000|-0.001000|56.770000|0.300300|12000.000000|0.000000
21:12:00|0.000000|0.000000|0.000000|0.000000|115.000000|0.000000|-7500.000000|0.000000|111.000000|111.000000|120.000000|107.000000|120.000000|107.000000|2.000000|0.200000|0.000000|1.000000|0.000000|1.000000|0.000000|0.000000|0.000000|0.000000|1.000000|4950.000000|0.000000|0.000000|0.000000|0.000000|0.000000|18000.000000|18000.000000|5000.000000|0.000000|0.000000|0.000000|0.000000|0.000000|0.000000|-0.001000|56.770000|0.300300|12000.000000|0.000000
21:12:30|0.000000|0.000000|0.000000|0.000000|115.000000|0.000000|-7500.000000|0.000000|111.000000|111.000000|120.000000|107.000000|120.000000|107.000000|2.000000|0.200000|0.000000|1.000000|0.000000|1.000000|0.000000|0.000000|0.000000|0.000000|1.000000|4950.000000|0.000000|0.000000|0.000000|0.000000|0.000000|18000.000000|18000.000000|5000.000000|0.000000|0.000000|0.000000|0.000000|0.000000|0.000000|-0.001000|56.770000|0.300300|12000.000000|0.000000
21:13:01|0.000000|0.000000|0.000000|0.000000|115.000000|0.000000|-7500.000000|0.000000|111.000000|111.000000|120.000000|107.000000|120.000000|107.000000|2.000000|0.200000|0.000000|1.000000|0.000000|1.000000|0.000000|0.000000|0.000000|0.000000|1.000000|4950.000000|0.000000|0.000000|0.000000|0.000000|0.000000|18000.000000|18000.000000|5000.000000|0.000000|0.000000|0.000000|0.000000|0.000000|0.000000|-0.001000|56.770000|0.300300|12000.000000|0.000000
21:13:31|0.000000|0.000000|0.000000|0.000000|115.000000|0.000000|-7500.000000|0.000000|111.000000|111.000000|120.000000|107.000000|120.000000|107.000000|2.000000|0.200000|0.000000|1.000000|0.000000|1.000000|0.000000|0.000000|0.000000|0.000000|1.000000|4950.000000|0.000000|0.000000|0.000000|0.000000|0.000000|18000.000000|18000.000000|5000.000000|0.000000|0.000000|0.000000|0.000000|0.000000|0.000000|-0.001000|56.770000|0.300300|12000.000000|0.000000
21:14:01|0.000000|0.000000|0.000000|0.000000|115.000000|0.000000|-7500.000000|0.000000|111.000000|111.000000|120.000000|107.000000|120.000000|107.000000|2.000000|0.200000|0.000000|1.000000|0.000000|1.000000|0.000000|0.000000|0.000000|0.000000|1.000000|4950.000000|0.000000|0.000000|0.000000|0.000000|0.000000|18000.000000|18000.000000|5000.000000|0.000000|0.000000|0.000000|0.000000|0.000000|0.000000|-0.001000|56.770000|0.300300|12000.000000|0.000000
21:14:31|0.000000|0.000000|0.000000|0.000000|115.000000|0.000000|-7500.000000|0.000000|111.000000|111.000000|120.000000|107.000000|120.000000|107.000000|2.000000|0.200000|0.000000|1.000000|0.000000|1.000000|0.000000|0.000000|0.000000|0.000000|1.000000|4950.000000|0.000000|0.000000|0.000000|0.000000|0.000000|18000.000000|18000.000000|5000.000000|0.000000|0.000000|0.000000|0.000000|0.000000|0.000000|-0.001000|56.770000|0.300300|12000.000000|0.000000
21:15:01|0.000000|0.000000|0.000000|0.000000|115.000000|0.000000|-7500.000000|0.000000|111.000000|111.000000|120.000000|107.000000|120.000000|107.000000|2.000000|0.200000|0.000000|1.000000|0.000000|1.000000|0.000000|0.000000|0.000000|0.000000|1.000000|4950.000000|0.000000|0.000000|0.000000|0.000000|0.000000|18000.000000|18000.000000|5000.000000|0.000000|0.000000|0.000000|0.000000|0.000000|0.000000|-0.001000|56.770000|0.300300|12000.000000|0.000000
21:15:31|0.000000|0.000000|0.000000|0.000000|115.000000|0.000000|-7500.000000|0.000000|111.000000|111.000000|120.000000|107.000000|120.000000|107.000000|2.000000|0.200000|0.000000|1.000000|0.000000|1.000000|0.000000|0.000000|0.000000|0.000000|1.000000|4950.000000|0.000000|0.000000|0.000000|0.000000|0.000000|18000.000000|18000.000000|5000.000000|0.000000|0.000000|0.000000|0.000000|0.000000|0.000000|-0.001000|56.770000|0.300300|12000.000000|0.000000
21:16:02|0.000000|0.000000|0.000000|0.000000|115.000000|0.000000|-7500.000000|0.000000|111.000000|111.000000|120.000000|107.000000|120.000000|107.000000|2.000000|0.200000|0.000000|1.000000|0.000000|1.000000|0.000000|0.000000|0.000000|0.000000|1.000000|4950.000000|0.000000|0.000000|0.000000|0.000000|0.000000|18000.000000|18000.000000|5000.000000|0.000000|0.000000|0.000000|0.000000|0.000000|0.000000|-0.001000|56.770000|0.300300|12000.000000|0.000000
21:16:32|0.000000|0.000000|0.000000|0.000000|115.000000|0.000000|-7500.000000|0.000000|111.000000|111.000000|120.000000|107.000000|120.000000|107.000000|2.000000|0.200000|0.000000|1.000000|0.000000|1.000000|0.000000|0.000000|0.000000|0.000000|1.000000|4950.000000|0.000000|0.000000|0.000000|0.000000|0.000000|18000.000000|18000.000000|5000.000000|0.000000|0.000000|0.000000|0.000000|0.000000|0.000000|-0.001000|56.770000|0.300300|12000.000000|0.000000
21:17:02|0.000000|0.000000|0.000000|0.000000|115.000000|0.000000|-7500.000000|0.000000|111.000000|111.000000|120.000000|107.000000|120.000000|107.000000|2.000000|0.200000|0.000000|1.000000|0.000000|1.000000|0.000000|0.000000|0.000000|0.000000|1.000000|4950.000000|0.000000|0.000000|0.000000|0.000000|0.000000|18000.000000|18000.000000|5000.000000|0.000000|0.000000|0.000000|0.000000|0.000000|0.000000|-0.001000|56.770000|0.300300|12000.000000|0.000000
21:17:32|0.000000|0.000000|0.000000|0.000000|115.000000|0.000000|-7500.000000|0.000000|111.000000|111.000000|120.000000|107.000000|120.000000|107.000000|2.000000|0.200000|0.000000|1.000000|0.000000|1.000000|0.000000|0.000000|0.000000|0.000000|1.000000|4950.000000|0.000000|0.000000|0.000000|0.000000|0.000000|18000.000000|18000.000000|5000.000000|0.000000|0.000000|0.000000|0.000000|0.000000|0.000000|-0.001000|56.770000|0.300300|12000.000000|0.000000
21:18:02|0.000000|0.000000|0.000000|0.000000|115.000000|0.000000|-7500.000000|0.000000|111.000000|111.000000|120.000000|107.000000|120.000000|107.000000|2.000000|0.200000|0.000000|1.000000|0.000000|1.000000|0.000000|0.000000|0.000000|0.000000|1.000000|4950.000000|0.000000|0.000000|0.000000|0.000000|0.000000|18000.000000|18000.000000|5000.000000|0.000000|0.000000|0.000000|0.000000|0.000000|0.000000|-0.001000|56.770000|0.300300|12000.000000|0.000000
21:18:32|0.000000|0.000000|0.000000|0.000000|115.000000|0.000000|-7500.000000|0.000000|111.000000|111.000000|120.000000|107.000000|120.000000|107.000000|2.000000|0.200000|0.000000|1.000000|0.000000|1.000000|0.000000|0.000000|0.000000|0.000000|1.000000|4950.000000|0.000000|0.000000|0.000000|0.000000|0.000000|18000.000000|18000.000000|5000.000000|0.000000|0.000000|0.000000|0.000000|0.000000|0.000000|-0.001000|56.770000|0.300300|12000.000000|0.000000
21:19:02|0.000000|0.000000|0.000000|0.000000|115.000000|0.000000|-7500.000000|0.000000|111.000000|111.000000|120.000000|107.000000|120.000000|107.000000|2.000000|0.200000|0.000000|1.000000|0.000000|1.000000|0.000000|0.000000|0.000000|0.000000|1.000000|4950.000000|0.000000|0.000000|0.000000|0.000000|0.000000|18000.000000|18000.000000|5000.000000|0.000000|0.000000|0.000000|0.000000|0.000000|0.000000|-0.001000|56.770000|0.300300|12000.000000|0.000000
21:19:32|0.000000|0.000000|0.000000|0.000000|115.000000|0.000000|-7500.000000|0.000000|111.000000|111.000000|120.000000|107.000000|120.000000|107.000000|2.000000|0.200000|0.000000|1.000000|0.000000|1.000000|0.000000|0.000000|0.000000|0.000000|1.000000|4950.000000|0.000000|0.000000|0.000000|0.000000|0.000000|18000.000000|18000.000000|5000.000000|0.000000|0.000000|0.000000|0.000000|0.000000|0.000000|-0.001000|56.770000|0.300300|12000.000000|0.000000
21:20:02|0.000000|0.000000|0.000000|0.000000|115.000000|0.000000|-7500.000000|0.000000|111.000000|111.000000|120.000000|107.000000|120.000000|107.000000|2.000000|0.200000|0.000000|1.000000|0.000000|1.000000|0.000000|0.000000|0.000000|0.000000|1.000000|4950.000000|0.000000|0.000000|0.000000|0.000000|0.000000|18000.000000|18000.000000|5000.000000|0.000000|0.000000|0.000000|0.000000|0.000000|0.000000|-0.001000|56.770000|0.300300|12000.000000|0.000000
21:20:32|0.000000|0.000000|0.000000|0.000000|115.000000|0.000000|-7500.000000|0.000000|111.000000|111.000000|120.000000|107.000000|120.000000|107.000000|2.000000|0.200000|0.000000|1.000000|0.000000|1.000000|0.000000|0.000000|0.000000|0.000000|1.000000|4950.000000|0.000000|0.000000|0.000000|0.000000|0.000000|18000.000000|18000.000000|5000.000000|0.000000|0.000000|0.000000|0.000000|0.000000|0.000000|-0.001000|56.770000|0.300300|12000.000000|0.000000
21:21:02|0.000000|0.000000|0.000000|0.000000|115.000000|0.000000|-7500.000000|0.000000|111.000000|111.000000|120.000000|107.000000|120.000000|107.000000|2.000000|0.200000|0.000000|1.000000|0.000000|1.000000|0.000000|0.000000|0.000000|0.000000|1.000000|4950.000000|0.000000|0.000000|0.000000|0.000000|0.000000|18000.000000|18000.000000|5000.000000|0.000000|0.000000|0.000000|0.000000|0.000000|0.000000|-0.001000|56.770000|0.300300|12000.000000|0.000000
21:21:32|0.000000|0.000000|0.000000|0.000000|115.000000|0.000000|-7500.000000|0.000000|111.000000|111.000000|120.000000|107.000000|120.000000|107.000000|2.000000|0.200000|0.000000|1.000000|0.000000|1.000000|0.000000|0.000000|0.000000|0.000000|1.000000|4950.000000|0.000000|0.000000|0.000000|0.000000|0.000000|18000.000000|18000.000000|5000.000000|0.000000|0.000000|0.000000|0.000000|0.000000|0.000000|-0.001000|56.770000|0.300300|12000.000000|0.000000
21:22:03|0.000000|0.000000|0.000000|0.000000|115.000000|0.000000|-7500.000000|0.000000|111.000000|111.000000|120.000000|107.000000|120.000000|107.000000|2.000000|0.200000|0.000000|1.000000|0.000000|1.000000|0.000000|0.000000|0.000000|0.000000|1.000000|4950.000000|0.000000|0.000000|0.000000|0.000000|0.000000|18000.000000|18000.000000|5000.000000|0.000000|0.000000|0.000000|0.000000|0.000000|0.000000|-0.001000|56.770000|0.300300|12000.000000|0.000000
21:22:33|0.000000|0.000000|0.000000|0.000000|115.000000|0.000000|-7500.000000|0.000000|111.000000|111.000000|120.000000|107.000000|120.000000|107.000000|2.000000|0.200000|0.000000|1.000000|0.000000|1.000000|0.000000|0.000000|0.000000|0.000000|1.000000|4950.000000|0.000000|0.000000|0.000000|0.000000|0.000000|18000.000000|18000.000000|5000.000000|0.000000|0.000000|0.000000|0.000000|0.000000|0.000000|-0.001000|56.770000|0.300300|12000.000000|0.000000
21:23:03|0.000000|0.000000|0.000000|0.000000|115.000000|0.000000|-7500.000000|0.000000|111.000000|111.000000|120.000000|107.000000|120.000000|107.000000|2.000000|0.200000|0.000000|1.000000|0.000000|1.000000|0.000000|0.000000|0.000000|0.000000|1.000000|4950.000000|0.000000|0.000000|0.000000|0.000000|0.000000|18000.000000|18000.000000|5000.000000|0.000000|0.000000|0.000000|0.000000|0.000000|0.000000|-0.001000|56.770000|0.300300|12000.000000|0.000000
21:23:33|0.000000|0.000000|0.000000|0.000000|115.000000|0.000000|-7500.000000|0.000000|111.000000|111.000000|120.000000|107.000000|120.000000|107.000000|2.000000|0.200000|0.000000|1.000000|0.000000|1.000000|0.000000|0.000000|0.000000|0.000000|1.000000|4950.000000|0.000000|0.000000|0.000000|0.000000|0.000000|18000.000000|18000.000000|5000.000000|0.000000|0.000000|0.000000|0.000000|0.000000|0.000000|-0.001000|56.770000|0.300300|12000.000000|0.000000
21:24:03|0.000000|0.000000|0.000000|0.000000|115.000000|0.000000|-7500.000000|0.000000|111.000000|111.000000|120.000000|107.000000|120.000000|107.000000|2.000000|0.200000|0.000000|1.000000|0.000000|1.000000|0.000000|0.000000|0.000000|0.000000|1.000000|4950.000000|0.000000|0.000000|0.000000|0.000000|0.000000|18000.000000|18000.000000|5000.000000|0.000000|0.000000|0.000000|0.000000|0.000000|0.000000|-0.001000|56.770000|0.300300|12000.000000|0.000000
21:24:33|0.000000|0.000000|0.000000|0.000000|115.000000|0.000000|-7500.000000|0.000000|111.000000|111.000000|120.000000|107.000000|120.000000|107.000000|2.000000|0.200000|0.000000|1.000000|0.000000|1.000000|0.000000|0.000000|0.000000|0.000000|1.000000|4950.000000|0.000000|0.000000|0.000000|0.000000|0.000000|18000.000000|18000.000000|5000.000000|0.000000|0.000000|0.000000|0.000000|0.000000|0.000000|-0.001000|56.770000|0.300300|12000.000000|0.000000
21:25:03|0.000000|0.000000|0.000000|0.000000|115.000000|0.000000|-7500.000000|0.000000|111.000000|111.000000|120.000000|107.000000|120.000000|107.000000|2.000000|0.200000|0.000000|1.000000|0.000000|1.000000|0.000000|0.000000|0.000000|0.000000|1.000000|4950.000000|0.000000|0.000000|0.000000|0.000000|0.000000|18000.000000|18000.000000|5000.000000|0.000000|0.000000|0.000000|0.000000|0.000000|0.000000|-0.001000|56.770000|0.300300|12000.000000|0.000000
21:25:33|0.000000|0.000000|0.000000|0.000000|115.000000|0.000000|-7500.000000|0.000000|111.000000|111.000000|120.000000|107.000000|120.000000|107.000000|2.000000|0.200000|0.000000|1.000000|0.000000|1.000000|0.000000|0.000000|0.000000|0.000000|1.000000|4950.000000|0.000000|0.000000|0.000000|0.000000|0.000000|18000.000000|18000.000000|5000.000000|0.000000|0.000000|0.000000|0.000000|0.000000|0.000000|-0.001000|56.770000|0.300300|12000.000000|0.000000
21:26:03|0.000000|0.000000|0.000000|0.000000|115.000000|0.000000|-7500.000000|0.000000|111.000000|111.000000|120.000000|107.000000|120.000000|107.000000|2.000000|0.200000|0.000000|1.000000|0.000000|1.000000|0.000000|0.000000|0.000000|0.000000|1.000000|4950.000000|0.000000|0.000000|0.000000|0.000000|0.000000|18000.000000|18000.000000|5000.000000|0.000000|0.000000|0.000000|0.000000|0.000000|0.000000|-0.001000|56.770000|0.300300|12000.000000|0.000000
21:26:33|0.000000|0.000000|0.000000|0.000000|115.000000|0.000000|-7500.000000|0.000000|111.000000|111.000000|120.000000|107.000000|120.000000|107.000000|2.000000|0.200000|0.000000|1.000000|0.000000|1.000000|0.000000|0.000000|0.000000|0.000000|1.000000|4950.000000|0.000000|0.000000|0.000000|0.000000|0.000000|18000.000000|18000.000000|5000.000000|0.000000|0.000000|0.000000|0.000000|0.000000|0.000000|-0.001000|56.770000|0.300300|12000.000000|0.000000
21:27:03|0.000000|0.000000|0.000000|0.000000|115.000000|0.000000|-7500.000000|0.000000|111.000000|111.000000|120.000000|107.000000|120.000000|107.000000|2.000000|0.200000|0.000000|1.000000|0.000000|1.000000|0.000000|0.000000|0.000000|0.000000|1.000000|4950.000000|0.000000|0.000000|0.000000|0.000000|0.000000|18000.000000|18000.000000|5000.000000|0.000000|0.000000|0.000000|0.000000|0.000000|0.000000|-0.001000|56.770000|0.300300|12000.000000|0.000000
21:27:33|0.000000|0.000000|0.000000|0.000000|115.000000|0.000000|-7500.000000|0.000000|111.000000|111.000000|120.000000|107.000000|120.000000|107.000000|2.000000|0.200000|0.000000|1.000000|0.000000|1.000000|0.000000|0.000000|0.000000|0.000000|1.000000|4950.000000|0.000000|0.000000|0.000000|0.000000|0.000000|18000.000000|18000.000000|5000.000000|0.000000|0.000000|0.000000|0.000000|0.000000|0.000000|-0.001000|56.770000|0.300300|12000.000000|0.000000
21:28:03|0.000000|0.000000|0.000000|0.000000|115.000000|0.000000|-7500.000000|0.000000|111.000000|111.000000|120.000000|107.000000|120.000000|107.000000|2.000000|0.200000|0.000000|1.000000|0.000000|1.000000|0.000000|0.000000|0.000000|0.000000|1.000000|4950.000000|0.000000|0.000000|0.000000|0.000000|0.000000|18000.000000|18000.000000|5000.000000|0.000000|0.000000|0.000000|0.000000|0.000000|0.000000|-0.001000|56.770000|0.300300|12000.000000|0.000000
21:28:34|0.000000|0.000000|0.000000|0.000000|115.000000|0.000000|-7500.000000|0.000000|111.000000|111.000000|120.000000|107.000000|120.000000|107.000000|2.000000|0.200000|0.000000|1.000000|0.000000|1.000000|0.000000|0.000000|0.000000|0.000000|1.000000|4950.000000|0.000000|0.000000|0.000000|0.000000|0.000000|18000.000000|18000.000000|5000.000000|0.000000|0.000000|0.000000|0.000000|0.000000|0.000000|-0.001000|56.770000|0.300300|12000.000000|0.000000
21:29:04|0.000000|0.000000|0.000000|0.000000|115.000000|0.000000|-7500.000000|0.000000|111.000000|111.000000|120.000000|107.000000|120.000000|107.000000|2.000000|0.200000|0.000000|1.000000|0.000000|1.000000|0.000000|0.000000|0.000000|0.000000|1.000000|4950.000000|0.000000|0.000000|0.000000|0.000000|0.000000|18000.000000|18000.000000|5000.000000|0.000000|0.000000|0.000000|0.000000|0.000000|0.000000|-0.001000|56.770000|0.300300|12000.000000|0.000000
21:29:34|0.000000|0.000000|0.000000|0.000000|115.000000|0.000000|-7500.000000|0.000000|111.000000|111.000000|120.000000|107.000000|120.000000|107.000000|2.000000|0.200000|0.000000|1.000000|0.000000|1.000000|0.000000|0.000000|0.000000|0.000000|1.000000|4950.000000|0.000000|0.000000|0.000000|0.000000|0.000000|18000.000000|18000.000000|5000.000000|0.000000|0.000000|0.000000|0.000000|0.000000|0.000000|-0.001000|56.770000|0.300300|12000.000000|0.000000
21:30:05|0.000000|0.000000|0.000000|0.000000|115.000000|0.000000|-7500.000000|0.000000|111.000000|111.000000|120.000000|107.000000|120.000000|107.000000|2.000000|0.200000|0.000000|1.000000|0.000000|1.000000|0.000000|0.000000|0.000000|0.000000|1.000000|4950.000000|0.000000|0.000000|0.000000|0.000000|0.000000|18000.000000|18000.000000|5000.000000|0.000000|0.000000|0.000000|0.000000|0.000000|0.000000|-0.001000|56.770000|0.300300|12000.000000|0.000000
21:30:35|0.000000|0.000000|0.000000|0.000000|115.000000|0.000000|-7500.000000|0.000000|111.000000|111.000000|120.000000|107.000000|120.000000|107.000000|2.000000|0.200000|0.000000|1.000000|0.000000|1.000000|0.000000|0.000000|0.000000|0.000000|1.000000|4950.000000|0.000000|0.000000|0.000000|0.000000|0.000000|18000.000000|18000.000000|5000.000000|0.000000|0.000000|0.000000|0.000000|0.000000|0.000000|-0.001000|56.770000|0.300300|12000.000000|0.000000
21:31:05|0.000000|0.000000|0.000000|0.000000|115.000000|0.000000|-7500.000000|0.000000|111.000000|111.000000|120.000000|107.000000|120.000000|107.000000|2.000000|0.200000|0.000000|1.000000|0.000000|1.000000|0.000000|0.000000|0.000000|0.000000|1.000000|4950.000000|0.000000|0.000000|0.000000|0.000000|0.000000|18000.000000|18000.000000|5000.000000|0.000000|0.000000|0.000000|0.000000|0.000000|0.000000|-0.001000|56.770000|0.300300|12000.000000|0.000000
21:31:36|0.000000|0.000000|0.000000|0.000000|115.000000|0.000000|-7500.000000|0.000000|111.000000|111.000000|120.000000|107.000000|120.000000|107.000000|2.000000|0.200000|0.000000|1.000000|0.000000|1.000000|0.000000|0.000000|0.000000|0.000000|1.000000|4950.000000|0.000000|0.000000|0.000000|0.000000|0.000000|18000.000000|18000.000000|5000.000000|0.000000|0.000000|0.000000|0.000000|0.000000|0.000000|-0.001000|56.770000|0.300300|12000.000000|0.000000
21:32:06|0.000000|0.000000|0.000000|0.000000|115.000000|0.000000|-7500.000000|0.000000|111.000000|111.000000|120.000000|107.000000|120.000000|107.000000|2.000000|0.200000|0.000000|1.000000|0.000000|1.000000|0.000000|0.000000|0.000000|0.000000|1.000000|4950.000000|0.000000|0.000000|0.000000|0.000000|0.000000|18000.000000|18000.000000|5000.000000|0.000000|0.000000|0.000000|0.000000|0.000000|0.000000|-0.001000|56.770000|0.300300|12000.000000|0.000000
21:32:36|0.000000|0.000000|0.000000|0.000000|115.000000|0.000000|-7500.000000|0.000000|111.000000|111.000000|120.000000|107.000000|120.000000|107.000000|2.000000|0.200000|0.000000|1.000000|0.000000|1.000000|0.000000|0.000000|0.000000|0.000000|1.000000|4950.000000|0.000000|0.000000|0.000000|0.000000|0.000000|18000.000000|18000.000000|5000.000000|0.000000|0.000000|0.000000|0.000000|0.000000|0.000000|-0.001000|56.770000|0.300300|12000.000000|0.000000
21:33:06|0.000000|0.000000|0.000000|0.000000|115.000000|0.000000|-7500.000000|0.000000|111.000000|111.000000|120.000000|107.000000|120.000000|107.000000|2.000000|0.200000|0.000000|1.000000|0.000000|1.000000|0.000000|0.000000|0.000000|0.000000|1.000000|4950.000000|0.000000|0.000000|0.000000|0.000000|0.000000|18000.000000|18000.000000|5000.000000|0.000000|0.000000|0.000000|0.000000|0.000000|0.000000|-0.001000|56.770000|0.300300|12000.000000|0.000000
21:33:37|0.000000|0.000000|0.000000|0.000000|115.000000|0.000000|-7500.000000|0.000000|111.000000|111.000000|120.000000|107.000000|120.000000|107.000000|2.000000|0.200000|0.000000|1.000000|0.000000|1.000000|0.000000|0.000000|0.000000|0.000000|1.000000|4950.000000|0.000000|0.000000|0.000000|0.000000|0.000000|18000.000000|18000.000000|5000.000000|0.000000|0.000000|0.000000|0.000000|0.000000|0.000000|-0.001000|56.770000|0.300300|12000.000000|0.000000
21:34:07|0.000000|0.000000|0.000000|0.000000|115.000000|0.000000|-7500.000000|0.000000|111.000000|111.000000|120.000000|107.000000|120.000000|107.000000|2.000000|0.200000|0.000000|1.000000|0.000000|1.000000|0.000000|0.000000|0.000000|0.000000|1.000000|4950.000000|0.000000|0.000000|0.000000|0.000000|0.000000|18000.000000|18000.000000|5000.000000|0.000000|0.000000|0.000000|0.000000|0.000000|0.000000|-0.001000|56.770000|0.300300|12000.000000|0.000000
21:34:37|0.000000|0.000000|0.000000|0.000000|115.000000|0.000000|-7500.000000|0.000000|111.000000|111.000000|120.000000|107.000000|120.000000|107.000000|2.000000|0.200000|0.000000|1.000000|0.000000|1.000000|0.000000|0.000000|0.000000|0.000000|1.000000|4950.000000|0.000000|0.000000|0.000000|0.000000|0.000000|18000.000000|18000.000000|5000.000000|0.000000|0.000000|0.000000|0.000000|0.000000|0.000000|-0.001000|56.770000|0.300300|12000.000000|0.000000
21:35:08|0.000000|0.000000|0.000000|0.000000|115.000000|0.000000|-7500.000000|0.000000|111.000000|111.000000|120.000000|107.000000|120.000000|107.000000|2.000000|0.200000|0.000000|1.000000|0.000000|1.000000|0.000000|0.000000|0.000000|0.000000|1.000000|4950.000000|0.000000|0.000000|0.000000|0.000000|0.000000|18000.000000|18000.000000|5000.000000|0.000000|0.000000|0.000000|0.000000|0.000000|0.000000|-0.001000|56.770000|0.300300|12000.000000|0.000000
21:35:39|0.000000|0.000000|0.000000|0.000000|115.000000|0.000000|-7500.000000|0.000000|111.000000|111.000000|120.000000|107.000000|120.000000|107.000000|2.000000|0.200000|0.000000|1.000000|0.000000|1.000000|0.000000|0.000000|0.000000|0.000000|1.000000|4950.000000|0.000000|0.000000|0.000000|0.000000|0.000000|18000.000000|18000.000000|5000.000000|0.000000|0.000000|0.000000|0.000000|0.000000|0.000000|-0.001000|56.770000|0.300300|12000.000000|0.000000
21:36:09|0.000000|0.000000|0.000000|0.000000|115.000000|0.000000|-7500.000000|0.000000|111.000000|111.000000|120.000000|107.000000|120.000000|107.000000|2.000000|0.200000|0.000000|1.000000|0.000000|1.000000|0.000000|0.000000|0.000000|0.000000|1.000000|4950.000000|0.000000|0.000000|0.000000|0.000000|0.000000|18000.000000|18000.000000|5000.000000|0.000000|0.000000|0.000000|0.000000|0.000000|0.000000|-0.001000|56.770000|0.300300|12000.000000|0.000000
21:36:40|0.000000|0.000000|0.000000|0.000000|115.000000|0.000000|-7500.000000|0.000000|111.000000|111.000000|120.000000|107.000000|120.000000|107.000000|2.000000|0.200000|0.000000|1.000000|0.000000|1.000000|0.000000|0.000000|0.000000|0.000000|1.000000|4950.000000|0.000000|0.000000|0.000000|0.000000|0.000000|18000.000000|18000.000000|5000.000000|0.000000|0.000000|0.000000|0.000000|0.000000|0.000000|-0.001000|56.770000|0.300300|12000.000000|0.000000
21:37:10|0.000000|0.000000|0.000000|0.000000|115.000000|0.000000|-7500.000000|0.000000|111.000000|111.000000|120.000000|107.000000|120.000000|107.000000|2.000000|0.200000|0.000000|1.000000|0.000000|1.000000|0.000000|0.000000|0.000000|0.000000|1.000000|4950.000000|0.000000|0.000000|0.000000|0.000000|0.000000|18000.000000|18000.000000|5000.000000|0.000000|0.000000|0.000000|0.000000|0.000000|0.000000|-0.001000|56.770000|0.300300|12000.000000|0.000000
21:37:40|0.000000|0.000000|0.000000|0.000000|115.000000|0.000000|-7500.000000|0.000000|111.000000|111.000000|120.000000|107.000000|120.000000|107.000000|2.000000|0.200000|0.000000|1.000000|0.000000|1.000000|0.000000|0.000000|0.000000|0.000000|1.000000|4950.000000|0.000000|0.000000|0.000000|0.000000|0.000000|18000.000000|18000.000000|5000.000000|0.000000|0.000000|0.000000|0.000000|0.000000|0.000000|-0.001000|56.770000|0.300300|12000.000000|0.000000
21:38:11|0.000000|0.000000|0.000000|0.000000|115.000000|0.000000|-7500.000000|0.000000|111.000000|111.000000|120.000000|107.000000|120.000000|107.000000|2.000000|0.200000|0.000000|1.000000|0.000000|1.000000|0.000000|0.000000|0.000000|0.000000|1.000000|4950.000000|0.000000|0.000000|0.000000|0.000000|0.000000|18000.000000|18000.000000|5000.000000|0.000000|0.000000|0.000000|0.000000|0.000000|0.000000|-0.001000|56.770000|0.300300|12000.000000|0.000000
21:38:41|0.000000|0.000000|0.000000|0.000000|115.000000|0.000000|-7500.000000|0.000000|111.000000|111.000000|120.000000|107.000000|120.000000|107.000000|2.000000|0.200000|0.000000|1.000000|0.000000|1.000000|0.000000|0.000000|0.000000|0.000000|1.000000|4950.000000|0.000000|0.000000|0.000000|0.000000|0.000000|18000.000000|18000.000000|5000.000000|0.000000|0.000000|0.000000|0.000000|0.000000|0.000000|-0.001000|56.770000|0.300300|12000.000000|0.000000
21:39:11|0.000000|0.000000|0.000000|0.000000|115.000000|0.000000|-7500.000000|0.000000|111.000000|111.000000|120.000000|107.000000|120.000000|107.000000|2.000000|0.200000|0.000000|1.000000|0.000000|1.000000|0.000000|0.000000|0.000000|0.000000|1.000000|4950.000000|0.000000|0.000000|0.000000|0.000000|0.000000|18000.000000|18000.000000|5000.000000|0.000000|0.000000|0.000000|0.000000|0.000000|0.000000|-0.001000|56.770000|0.300300|12000.000000|0.000000
21:39:41|0.000000|0.000000|0.000000|0.000000|115.000000|0.000000|-7500.000000|0.000000|111.000000|111.000000|120.000000|107.000000|120.000000|107.000000|2.000000|0.200000|0.000000|1.000000|0.000000|1.000000|0.000000|0.000000|0.000000|0.000000|1.000000|4950.000000|0.000000|0.000000|0.000000|0.000000|0.000000|18000.000000|18000.000000|5000.000000|0.000000|0.000000|0.000000|0.000000|0.000000|0.000000|-0.001000|56.770000|0.300300|12000.000000|0.000000
21:40:11|0.000000|0.000000|0.000000|0.000000|115.000000|0.000000|-7500.000000|0.000000|111.000000|111.000000|120.000000|107.000000|120.000000|107.000000|2.000000|0.200000|0.000000|1.000000|0.000000|1.000000|0.000000|0.000000|0.000000|0.000000|1.000000|4950.000000|0.000000|0.000000|0.000000|0.000000|0.000000|18000.000000|18000.000000|5000.000000|0.000000|0.000000|0.000000|0.000000|0.000000|0.000000|-0.001000|56.770000|0.300300|12000.000000|0.000000
21:40:41|0.000000|0.000000|0.000000|0.000000|115.000000|0.000000|-7500.000000|0.000000|111.000000|111.000000|120.000000|107.000000|120.000000|107.000000|2.000000|0.200000|0.000000|1.000000|0.000000|1.000000|0.000000|0.000000|0.000000|0.000000|1.000000|4950.000000|0.000000|0.000000|0.000000|0.000000|0.000000|18000.000000|18000.000000|5000.000000|0.000000|0.000000|0.000000|0.000000|0.000000|0.000000|-0.001000|56.770000|0.300300|12000.000000|0.000000
21:41:12|0.000000|0.000000|0.000000|0.000000|115.000000|0.000000|-7500.000000|0.000000|111.000000|111.000000|120.000000|107.000000|120.000000|107.000000|2.000000|0.200000|0.000000|1.000000|0.000000|1.000000|0.000000|0.000000|0.000000|0.000000|1.000000|4950.000000|0.000000|0.000000|0.000000|0.000000|0.000000|18000.000000|18000.000000|5000.000000|0.000000|0.000000|0.000000|0.000000|0.000000|0.000000|-0.001000|56.770000|0.300300|12000.000000|0.000000
21:41:42|0.000000|0.000000|0.000000|0.000000|115.000000|0.000000|-7500.000000|0.000000|111.000000|111.000000|120.000000|107.000000|120.000000|107.000000|2.000000|0.200000|0.000000|1.000000|0.000000|1.000000|0.000000|0.000000|0.000000|0.000000|1.000000|4950.000000|0.000000|0.000000|0.000000|0.000000|0.000000|18000.000000|18000.000000|5000.000000|0.000000|0.000000|0.000000|0.000000|0.000000|0.000000|-0.001000|56.770000|0.300300|12000.000000|0.000000
21:42:13|0.000000|0.000000|0.000000|0.000000|115.000000|0.000000|-7500.000000|0.000000|111.000000|111.000000|120.000000|107.000000|120.000000|107.000000|2.000000|0.200000|0.000000|1.000000|0.000000|1.000000|0.000000|0.000000|0.000000|0.000000|1.000000|4950.000000|0.000000|0.000000|0.000000|0.000000|0.000000|18000.000000|18000.000000|5000.000000|0.000000|0.000000|0.000000|0.000000|0.000000|0.000000|-0.001000|56.770000|0.300300|12000.000000|0.000000
21:42:43|0.000000|0.000000|0.000000|0.000000|115.000000|0.000000|-7500.000000|0.000000|111.000000|111.000000|120.000000|107.000000|120.000000|107.000000|2.000000|0.200000|0.000000|1.000000|0.000000|1.000000|0.000000|0.000000|0.000000|0.000000|1.000000|4950.000000|0.000000|0.000000|0.000000|0.000000|0.000000|18000.000000|18000.000000|5000.000000|0.000000|0.000000|0.000000|0.000000|0.000000|0.000000|-0.001000|56.770000|0.300300|12000.000000|0.000000
21:43:14|0.000000|0.000000|0.000000|0.000000|115.000000|0.000000|-7500.000000|0.000000|111.000000|111.000000|120.000000|107.000000|120.000000|107.000000|2.000000|0.200000|0.000000|1.000000|0.000000|1.000000|0.000000|0.000000|0.000000|0.000000|1.000000|4950.000000|0.000000|0.000000|0.000000|0.000000|0.000000|18000.000000|18000.000000|5000.000000|0.000000|0.000000|0.000000|0.000000|0.000000|0.000000|-0.001000|56.770000|0.300300|12000.000000|0.000000
21:43:46|0.000000|0.000000|0.000000|0.000000|115.000000|0.000000|-7500.000000|0.000000|111.000000|111.000000|120.000000|107.000000|120.000000|107.000000|2.000000|0.200000|0.000000|1.000000|0.000000|1.000000|0.000000|0.000000|0.000000|0.000000|1.000000|4950.000000|0.000000|0.000000|0.000000|0.000000|0.000000|18000.000000|18000.000000|5000.000000|0.000000|0.000000|0.000000|0.000000|0.000000|0.000000|-0.001000|56.770000|0.300300|12000.000000|0.000000
21:44:16|0.000000|0.000000|0.000000|0.000000|115.000000|0.000000|-7500.000000|0.000000|111.000000|111.000000|120.000000|107.000000|120.000000|107.000000|2.000000|0.200000|0.000000|1.000000|0.000000|1.000000|0.000000|0.000000|0.000000|0.000000|1.000000|4950.000000|0.000000|0.000000|0.000000|0.000000|0.000000|18000.000000|18000.000000|5000.000000|0.000000|0.000000|0.000000|0.000000|0.000000|0.000000|-0.001000|56.770000|0.300300|12000.000000|0.000000
21:44:46|0.000000|0.000000|0.000000|0.000000|115.000000|0.000000|-7500.000000|0.000000|111.000000|111.000000|120.000000|107.000000|120.000000|107.000000|2.000000|0.200000|0.000000|1.000000|0.000000|1.000000|0.000000|0.000000|0.000000|0.000000|1.000000|4950.000000|0.000000|0.000000|0.000000|0.000000|0.000000|18000.000000|18000.000000|5000.000000|0.000000|0.000000|0.000000|0.000000|0.000000|0.000000|-0.001000|56.770000|0.300300|12000.000000|0.000000
21:45:17|0.000000|0.000000|0.000000|0.000000|115.000000|0.000000|-7500.000000|0.000000|111.000000|111.000000|120.000000|107.000000|120.000000|107.000000|2.000000|0.200000|0.000000|1.000000|0.000000|1.000000|0.000000|0.000000|0.000000|0.000000|1.000000|4950.000000|0.000000|0.000000|0.000000|0.000000|0.000000|18000.000000|18000.000000|5000.000000|0.000000|0.000000|0.000000|0.000000|0.000000|0.000000|-0.001000|56.770000|0.300300|12000.000000|0.000000
21:45:47|0.000000|0.000000|0.000000|0.000000|115.000000|0.000000|-7500.000000|0.000000|111.000000|111.000000|120.000000|107.000000|120.000000|107.000000|2.000000|0.200000|0.000000|1.000000|0.000000|1.000000|0.000000|0.000000|0.000000|0.000000|1.000000|4950.000000|0.000000|0.000000|0.000000|0.000000|0.000000|18000.000000|18000.000000|5000.000000|0.000000|0.000000|0.000000|0.000000|0.000000|0.000000|-0.001000|56.770000|0.300300|12000.000000|0.000000
21:46:18|0.000000|0.000000|0.000000|0.000000|115.000000|0.000000|-7500.000000|0.000000|111.000000|111.000000|120.000000|107.000000|120.000000|107.000000|2.000000|0.200000|0.000000|1.000000|0.000000|1.000000|0.000000|0.000000|0.000000|0.000000|1.000000|4950.000000|0.000000|0.000000|0.000000|0.000000|0.000000|18000.000000|18000.000000|5000.000000|0.000000|0.000000|0.000000|0.000000|0.000000|0.000000|-0.001000|56.770000|0.300300|12000.000000|0.000000
21:46:48|0.000000|0.000000|0.000000|0.000000|115.000000|0.000000|-7500.000000|0.000000|111.000000|111.000000|120.000000|107.000000|120.000000|107.000000|2.000000|0.200000|0.000000|1.000000|0.000000|1.000000|0.000000|0.000000|0.000000|0.000000|1.000000|4950.000000|0.000000|0.000000|0.000000|0.000000|0.000000|18000.000000|18000.000000|5000.000000|0.000000|0.000000|0.000000|0.000000|0.000000|0.000000|-0.001000|56.770000|0.300300|12000.000000|0.000000
21:47:19|0.000000|0.000000|0.000000|0.000000|115.000000|0.000000|-7500.000000|0.000000|111.000000|111.000000|120.000000|107.000000|120.000000|107.000000|2.000000|0.200000|0.000000|1.000000|0.000000|1.000000|0.000000|0.000000|0.000000|0.000000|1.000000|4950.000000|0.000000|0.000000|0.000000|0.000000|0.000000|18000.000000|18000.000000|5000.000000|0.000000|0.000000|0.000000|0.000000|0.000000|0.000000|-0.001000|56.770000|0.300300|12000.000000|0.000000
21:47:49|0.000000|0.000000|0.000000|0.000000|115.000000|0.000000|-7500.000000|0.000000|111.000000|111.000000|120.000000|107.000000|120.000000|107.000000|2.000000|0.200000|0.000000|1.000000|0.000000|1.000000|0.000000|0.000000|0.000000|0.000000|1.000000|4950.000000|0.000000|0.000000|0.000000|0.000000|0.000000|18000.000000|18000.000000|5000.000000|0.000000|0.000000|0.000000|0.000000|0.000000|0.000000|-0.001000|56.770000|0.300300|12000.000000|0.000000
21:48:19|0.000000|0.000000|0.000000|0.000000|115.000000|0.000000|-7500.000000|0.000000|111.000000|111.000000|120.000000|107.000000|120.000000|107.000000|2.000000|0.200000|0.000000|1.000000|0.000000|1.000000|0.000000|0.000000|0.000000|0.000000|1.000000|4950.000000|0.000000|0.000000|0.000000|0.000000|0.000000|18000.000000|18000.000000|5000.000000|0.000000|0.000000|0.000000|0.000000|0.000000|0.000000|-0.001000|56.770000|0.300300|12000.000000|0.000000
21:48:49|0.000000|0.000000|0.000000|0.000000|115.000000|0.000000|-7500.000000|0.000000|111.000000|111.000000|120.000000|107.000000|120.000000|107.000000|2.000000|0.200000|0.000000|1.000000|0.000000|1.000000|0.000000|0.000000|0.000000|0.000000|1.000000|4950.000000|0.000000|0.000000|0.000000|0.000000|0.000000|18000.000000|18000.000000|5000.000000|0.000000|0.000000|0.000000|0.000000|0.000000|0.000000|-0.001000|56.770000|0.300300|12000.000000|0.000000
21:49:20|0.000000|0.000000|0.000000|0.000000|115.000000|0.000000|-7500.000000|0.000000|111.000000|111.000000|120.000000|107.000000|120.000000|107.000000|2.000000|0.200000|0.000000|1.000000|0.000000|1.000000|0.000000|0.000000|0.000000|0.000000|1.000000|4950.000000|0.000000|0.000000|0.000000|0.000000|0.000000|18000.000000|18000.000000|5000.000000|0.000000|0.000000|0.000000|0.000000|0.000000|0.000000|-0.001000|56.770000|0.300300|12000.000000|0.000000
