15:27:10|1|1|1|0|0|0|0|0|0|0|0|0|0|1|1|1|0|0|0|0|0|0|0|0|0|0
15:33:19|1|1|1|0|0|0|0|0|0|0|0|0|0|1|1|1|0|0|0|0|0|0|0|0|0|0
15:33:36|1|1|1|0|0|0|0|0|0|0|0|0|0|1|1|1|0|0|0|0|0|0|0|0|0|0
15:52:12|1|1|1|0|0|0|0|0|0|0|0|0|0|1|1|1|0|0|0|0|0|0|0|0|0|0
16:00:51|1|1|1|0|0|0|0|0|0|0|0|0|0|1|1|1|0|0|0|0|0|0|0|0|0|0
16:20:16|1|1|1|0|0|0|0|0|0|0|0|0|0|1|1|1|0|0|0|0|0|0|0|0|0|0
16:21:08|1|1|1|1|1|0|0|0|0|0|0|0|0|1|1|1|1|1|0|0|0|0|0|0|0|0
16:21:16|1|1|1|1|1|0|0|0|0|0|0|0|0|1|1|1|1|1|0|0|0|0|0|0|0|0
16:21:24|1|1|1|1|1|0|0|0|0|0|0|0|0|1|1|1|1|1|0|0|0|0|0|0|0|0
16:21:32|1|1|1|1|1|0|0|0|0|0|0|0|0|1|1|1|1|1|0|0|0|0|0|0|0|0
16:21:40|1|1|1|1|1|0|0|0|0|0|0|0|0|1|1|1|1|1|0|0|0|0|0|0|0|0
16:21:48|1|1|1|1|1|0|0|0|0|0|0|0|0|1|1|1|1|1|0|0|0|0|0|0|0|0
16:21:56|1|1|1|1|1|0|0|0|0|0|0|0|0|1|1|1|1|1|0|0|0|0|0|0|0|0
16:22:04|1|1|1|1|1|0|0|0|0|0|0|0|0|1|1|1|1|1|0|0|0|0|0|0|0|0
16:22:12|1|1|1|1|1|0|0|0|0|0|0|0|0|1|1|1|1|1|0|0|0|0|0|0|0|0
16:22:20|1|1|1|1|1|0|0|0|0|0|0|0|0|1|1|1|1|1|0|0|0|0|0|0|0|0
16:22:28|1|1|1|1|1|0|0|0|0|0|0|0|0|1|1|1|1|1|0|0|0|0|0|0|0|0
16:22:37|1|1|1|1|1|0|0|0|0|0|0|0|0|1|1|1|1|1|0|0|0|0|0|0|0|0
16:22:45|1|1|1|1|1|0|0|0|0|0|0|0|0|1|1|1|1|1|0|0|0|0|0|0|0|0
16:22:53|1|1|1|1|1|0|0|0|0|0|0|0|0|1|1|1|1|1|0|0|0|0|0|0|0|0
16:23:01|1|1|1|1|1|0|0|0|0|0|0|0|0|1|1|1|1|1|0|0|0|0|0|0|0|0
16:23:09|1|1|1|1|1|0|0|0|0|0|0|0|0|1|1|1|1|1|0|0|0|0|0|0|0|0
16:23:17|1|1|1|1|1|0|0|0|0|0|0|0|0|1|1|1|1|1|0|0|0|0|0|0|0|0
16:23:25|1|1|1|1|1|0|0|0|0|0|0|0|0|1|1|1|1|1|0|0|0|0|0|0|0|0
16:23:33|1|1|1|1|1|0|0|0|0|0|0|0|0|1|1|1|1|1|0|0|0|0|0|0|0|0
16:23:41|1|1|1|1|1|0|0|0|0|0|0|0|0|1|1|1|1|1|0|0|0|0|0|0|0|0
16:23:49|1|1|1|1|1|0|0|0|0|0|0|0|0|1|1|1|1|1|0|0|0|0|0|0|0|0
16:23:57|1|1|1|1|1|0|0|0|0|0|0|0|0|1|1|1|1|1|0|0|0|0|0|0|0|0
16:24:05|1|1|1|1|1|0|0|0|0|0|0|0|0|1|1|1|1|1|0|0|0|0|0|0|0|0
16:24:13|1|1|1|1|1|0|0|0|0|0|0|0|0|1|1|1|1|1|0|0|0|0|0|0|0|0
16:24:21|1|1|1|1|1|0|0|0|0|0|0|0|0|1|1|1|1|1|0|0|0|0|0|0|0|0
16:24:29|1|1|1|1|1|0|0|0|0|0|0|0|0|1|1|1|1|1|0|0|0|0|0|0|0|0
16:24:37|1|1|1|1|1|0|0|0|0|0|0|0|0|1|1|1|1|1|0|0|0|0|0|0|0|0
16:24:45|1|1|1|1|1|0|0|0|0|0|0|0|0|1|1|1|1|1|0|0|0|0|0|0|0|0
16:24:53|1|1|1|1|1|0|0|0|0|0|0|0|0|1|1|1|1|1|0|0|0|0|0|0|0|0
16:25:01|1|1|1|1|1|0|0|0|0|0|0|0|0|1|1|1|1|1|0|0|0|0|0|0|0|0
16:25:09|1|1|1|1|1|0|0|0|0|0|0|0|0|1|1|1|1|1|0|0|0|0|0|0|0|0
16:25:17|1|1|1|1|1|0|0|0|0|0|0|0|0|1|1|1|1|1|0|0|0|0|0|0|0|0
16:25:25|1|1|1|1|1|0|0|0|0|0|0|0|0|1|1|1|1|1|0|0|0|0|0|0|0|0
16:25:33|1|1|1|1|1|0|0|0|0|0|0|0|0|1|1|1|1|1|0|0|0|0|0|0|0|0
16:25:41|1|1|1|1|1|0|0|0|0|0|0|0|0|1|1|1|1|1|0|0|0|0|0|0|0|0
16:25:49|1|1|1|1|1|0|0|0|0|0|0|0|0|1|1|1|1|1|0|0|0|0|0|0|0|0
16:25:57|1|1|1|1|1|0|0|0|0|0|0|0|0|1|1|1|1|1|0|0|0|0|0|0|0|0
16:26:05|1|1|1|1|1|0|0|0|0|0|0|0|0|1|1|1|1|1|0|0|0|0|0|0|0|0
16:26:13|1|1|1|1|1|0|0|0|0|0|0|0|0|1|1|1|1|1|0|0|0|0|0|0|0|0
16:26:21|1|1|1|1|1|0|0|0|0|0|0|0|0|1|1|1|1|1|0|0|0|0|0|0|0|0
16:26:29|1|1|1|1|1|0|0|0|0|0|0|0|0|1|1|1|1|1|0|0|0|0|0|0|0|0
16:26:37|1|1|1|1|1|0|0|0|0|0|0|0|0|1|1|1|1|1|0|0|0|0|0|0|0|0
16:26:45|1|1|1|1|1|0|0|0|0|0|0|0|0|1|1|1|1|1|0|0|0|0|0|0|0|0
16:26:53|1|1|1|1|1|0|0|0|0|0|0|0|0|1|1|1|1|1|0|0|0|0|0|0|0|0
16:27:01|1|1|1|1|1|0|0|0|0|0|0|0|0|1|1|1|1|1|0|0|0|0|0|0|0|0
16:27:09|1|1|1|1|1|0|0|0|0|0|0|0|0|1|1|1|1|1|0|0|0|0|0|0|0|0
16:27:17|1|1|1|1|1|0|0|0|0|0|0|0|0|1|1|1|1|1|0|0|0|0|0|0|0|0
16:27:25|1|1|1|1|1|0|0|0|0|0|0|0|0|1|1|1|1|1|0|0|0|0|0|0|0|0
16:27:33|1|1|1|1|1|0|0|0|0|0|0|0|0|1|1|1|1|1|0|0|0|0|0|0|0|0
16:27:41|1|1|1|1|1|0|0|0|0|0|0|0|0|1|1|1|1|1|0|0|0|0|0|0|0|0
16:27:49|1|1|1|1|1|0|0|0|0|0|0|0|0|1|1|1|1|1|0|0|0|0|0|0|0|0
16:27:57|1|1|1|1|1|0|0|0|0|0|0|0|0|1|1|1|1|1|0|0|0|0|0|0|0|0
16:28:05|1|1|1|1|1|0|0|0|0|0|0|0|0|1|1|1|1|1|0|0|0|0|0|0|0|0
16:28:14|1|1|1|1|1|0|0|0|0|0|0|0|0|1|1|1|1|1|0|0|0|0|0|0|0|0
16:28:22|1|1|1|1|1|0|0|0|0|0|0|0|0|1|1|1|1|1|0|0|0|0|0|0|0|0
16:28:30|1|1|1|1|1|0|0|0|0|0|0|0|0|1|1|1|1|1|0|0|0|0|0|0|0|0
16:28:38|1|1|1|1|1|0|0|0|0|0|0|0|0|1|1|1|1|1|0|0|0|0|0|0|0|0
16:28:46|1|1|1|1|1|0|0|0|0|0|0|0|0|1|1|1|1|1|0|0|0|0|0|0|0|0
16:28:54|1|1|1|1|1|0|0|0|0|0|0|0|0|1|1|1|1|1|0|0|0|0|0|0|0|0
16:29:02|1|1|1|1|1|0|0|0|0|0|0|0|0|1|1|1|1|1|0|0|0|0|0|0|0|0
16:29:10|1|1|1|1|1|0|0|0|0|0|0|0|0|1|1|1|1|1|0|0|0|0|0|0|0|0
16:29:18|1|1|1|1|1|0|0|0|0|0|0|0|0|1|1|1|1|1|0|0|0|0|0|0|0|0
16:29:26|1|1|1|1|1|0|0|0|0|0|0|0|0|1|1|1|1|1|0|0|0|0|0|0|0|0
16:29:34|1|1|1|1|1|0|0|0|0|0|0|0|0|1|1|1|1|1|0|0|0|0|0|0|0|0
16:29:42|1|1|1|1|1|0|0|0|0|0|0|0|0|1|1|1|1|1|0|0|0|0|0|0|0|0
16:29:50|1|1|1|1|1|0|0|0|0|0|0|0|0|1|1|1|1|1|0|0|0|0|0|0|0|0
16:29:58|1|1|1|1|1|0|0|0|0|0|0|0|0|1|1|1|1|1|0|0|0|0|0|0|0|0
16:30:06|1|1|1|1|1|0|0|0|0|0|0|0|0|1|1|1|1|1|0|0|0|0|0|0|0|0
16:30:14|1|1|1|1|1|0|0|0|0|0|0|0|0|1|1|1|1|1|0|0|0|0|0|0|0|0
16:30:22|1|1|1|1|1|0|0|0|0|0|0|0|0|1|1|1|1|1|0|0|0|0|0|0|0|0
16:30:30|1|1|1|1|1|0|0|0|0|0|0|0|0|1|1|1|1|1|0|0|0|0|0|0|0|0
16:30:38|1|1|1|1|1|0|0|0|0|0|0|0|0|1|1|1|1|1|0|0|0|0|0|0|0|0
16:30:46|1|1|1|1|1|0|0|0|0|0|0|0|0|1|1|1|1|1|0|0|0|0|0|0|0|0
16:30:54|1|1|1|1|1|0|0|0|0|0|0|0|0|1|1|1|1|1|0|0|0|0|0|0|0|0
16:31:02|1|1|1|1|1|0|0|0|0|0|0|0|0|1|1|1|1|1|0|0|0|0|0|0|0|0
16:31:10|1|1|1|1|1|0|0|0|0|0|0|0|0|1|1|1|1|1|0|0|0|0|0|0|0|0
16:31:18|1|1|1|1|1|0|0|0|0|0|0|0|0|1|1|1|1|1|0|0|0|0|0|0|0|0
16:31:26|1|1|1|1|1|0|0|0|0|0|0|0|0|1|1|1|1|1|0|0|0|0|0|0|0|0
16:31:34|1|1|1|1|1|0|0|0|0|0|0|0|0|1|1|1|1|1|0|0|0|0|0|0|0|0
16:31:42|1|1|1|1|1|0|0|0|0|0|0|0|0|1|1|1|1|1|0|0|0|0|0|0|0|0
16:31:50|1|1|1|1|1|0|0|0|0|0|0|0|0|1|1|1|1|1|0|0|0|0|0|0|0|0
16:31:58|1|1|1|1|1|0|0|0|0|0|0|0|0|1|1|1|1|1|0|0|0|0|0|0|0|0
16:32:06|1|1|1|1|1|0|0|0|0|0|0|0|0|1|1|1|1|1|0|0|0|0|0|0|0|0
16:32:14|1|1|1|1|1|0|0|0|0|0|0|0|0|1|1|1|1|1|0|0|0|0|0|0|0|0
16:32:22|1|1|1|1|1|0|0|0|0|0|0|0|0|1|1|1|1|1|0|0|0|0|0|0|0|0
16:32:30|1|1|1|1|1|0|0|0|0|0|0|0|0|1|1|1|1|1|0|0|0|0|0|0|0|0
16:32:38|1|1|1|1|1|0|0|0|0|0|0|0|0|1|1|1|1|1|0|0|0|0|0|0|0|0
16:32:46|1|1|1|1|1|0|0|0|0|0|0|0|0|1|1|1|1|1|0|0|0|0|0|0|0|0
16:32:54|1|1|1|1|1|0|0|0|0|0|0|0|0|1|1|1|1|1|0|0|0|0|0|0|0|0
16:33:02|1|1|1|1|1|0|0|0|0|0|0|0|0|1|1|1|1|1|0|0|0|0|0|0|0|0
16:33:10|1|1|1|1|1|0|0|0|0|0|0|0|0|1|1|1|1|1|0|0|0|0|0|0|0|0
16:33:18|1|1|1|1|1|0|0|0|0|0|0|0|0|1|1|1|1|1|0|0|0|0|0|0|0|0
16:33:26|1|1|1|1|1|0|0|0|0|0|0|0|0|1|1|1|1|1|0|0|0|0|0|0|0|0
16:33:34|1|1|1|1|1|0|0|0|0|0|0|0|0|1|1|1|1|1|0|0|0|0|0|0|0|0
16:33:42|1|1|1|1|1|0|0|0|0|0|0|0|0|1|1|1|1|1|0|0|0|0|0|0|0|0
16:33:50|1|1|1|1|1|0|0|0|0|0|0|0|0|1|1|1|1|1|0|0|0|0|0|0|0|0
16:33:58|1|1|1|1|1|0|0|0|0|0|0|0|0|1|1|1|1|1|0|0|0|0|0|0|0|0
16:34:06|1|1|1|1|1|0|0|0|0|0|0|0|0|1|1|1|1|1|0|0|0|0|0|0|0|0
16:34:14|1|1|1|1|1|0|0|0|0|0|0|0|0|1|1|1|1|1|0|0|0|0|0|0|0|0
16:34:22|1|1|1|1|1|0|0|0|0|0|0|0|0|1|1|1|1|1|0|0|0|0|0|0|0|0
16:34:30|1|1|1|1|1|0|0|0|0|0|0|0|0|1|1|1|1|1|0|0|0|0|0|0|0|0
16:34:38|1|1|1|1|1|0|0|0|0|0|0|0|0|1|1|1|1|1|0|0|0|0|0|0|0|0
16:34:46|1|1|1|1|1|0|0|0|0|0|0|0|0|1|1|1|1|1|0|0|0|0|0|0|0|0
16:34:54|1|1|1|1|1|0|0|0|0|0|0|0|0|1|1|1|1|1|0|0|0|0|0|0|0|0
16:35:02|1|1|1|1|1|0|0|0|0|0|0|0|0|1|1|1|1|1|0|0|0|0|0|0|0|0
16:35:10|1|1|1|1|1|0|0|0|0|0|0|0|0|1|1|1|1|1|0|0|0|0|0|0|0|0
16:35:19|1|1|1|1|1|0|0|0|0|0|0|0|0|1|1|1|1|1|0|0|0|0|0|0|0|0
16:35:27|1|1|1|1|1|0|0|0|0|0|0|0|0|1|1|1|1|1|0|0|0|0|0|0|0|0
16:35:35|1|1|1|1|1|0|0|0|0|0|0|0|0|1|1|1|1|1|0|0|0|0|0|0|0|0
16:35:43|1|1|1|1|1|0|0|0|0|0|0|0|0|1|1|1|1|1|0|0|0|0|0|0|0|0
16:35:51|1|1|1|1|1|0|0|0|0|0|0|0|0|1|1|1|1|1|0|0|0|0|0|0|0|0
16:35:59|1|1|1|1|1|0|0|0|0|0|0|0|0|1|1|1|1|1|0|0|0|0|0|0|0|0
16:36:07|1|1|1|1|1|0|0|0|0|0|0|0|0|1|1|1|1|1|0|0|0|0|0|0|0|0
16:36:15|1|1|1|1|1|0|0|0|0|0|0|0|0|1|1|1|1|1|0|0|0|0|0|0|0|0
16:36:23|1|1|1|1|1|0|0|0|0|0|0|0|0|1|1|1|1|1|0|0|0|0|0|0|0|0
16:36:31|1|1|1|1|1|0|0|0|0|0|0|0|0|1|1|1|1|1|0|0|0|0|0|0|0|0
16:38:08|1|1|1|0|0|0|0|0|0|0|0|0|0|1|1|1|0|0|0|0|0|0|0|0|0|0
16:38:16|1|1|1|0|0|0|0|0|0|0|0|0|0|1|1|1|0|0|0|0|0|0|0|0|0|0
16:38:24|1|1|1|0|0|0|0|0|0|0|0|0|0|1|1|1|0|0|0|0|0|0|0|0|0|0
16:38:32|1|1|1|0|0|0|0|0|0|0|0|0|0|1|1|1|0|0|0|0|0|0|0|0|0|0
16:38:40|1|1|1|1|1|0|0|0|0|0|0|0|0|1|1|1|1|1|0|0|0|0|0|0|0|0
16:38:48|1|1|1|1|1|0|0|0|0|0|0|0|0|1|1|1|1|1|0|0|0|0|0|0|0|0
16:38:56|1|1|1|1|1|0|0|0|0|0|0|0|0|1|1|1|1|1|0|0|0|0|0|0|0|0
16:39:04|1|1|1|1|1|0|0|0|0|0|0|0|0|1|1|1|1|1|0|0|0|0|0|0|0|0
16:39:12|1|1|1|1|1|0|0|0|0|0|0|0|0|1|1|1|1|1|0|0|0|0|0|0|0|0
16:39:20|1|1|1|1|1|0|0|0|0|0|0|0|0|1|1|1|1|1|0|0|0|0|0|0|0|0
16:39:28|1|1|1|1|1|0|0|0|0|0|0|0|0|1|1|1|1|1|0|0|0|0|0|0|0|0
16:39:36|1|1|1|1|1|0|0|0|0|0|0|0|0|1|1|1|1|1|0|0|0|0|0|0|0|0
16:39:44|1|1|1|1|1|0|0|0|0|0|0|0|0|1|1|1|1|1|0|0|0|0|0|0|0|0
16:39:52|1|1|1|1|1|0|0|0|0|0|0|0|0|1|1|1|1|1|0|0|0|0|0|0|0|0
16:40:00|1|1|1|1|1|0|0|0|0|0|0|0|0|1|1|1|1|1|0|0|0|0|0|0|0|0
16:40:08|1|1|1|1|1|0|0|0|0|0|0|0|0|1|1|1|1|1|0|0|0|0|0|0|0|0
16:40:16|1|1|1|1|1|0|0|0|0|0|0|0|0|1|1|1|1|1|0|0|0|0|0|0|0|0
16:40:24|1|1|1|1|1|0|0|0|0|0|0|0|0|1|1|1|1|1|0|0|0|0|0|0|0|0
16:40:32|1|1|1|1|1|0|0|0|0|0|0|0|0|1|1|1|1|1|0|0|0|0|0|0|0|0
16:40:40|1|1|1|1|1|0|0|0|0|0|0|0|0|1|1|1|1|1|0|0|0|0|0|0|0|0
16:40:48
16:40:56|1|1|1|0|0|0|0|0|0|0|0|0|0|1|1|1|0|0|0|0|0|0|0|0|0|0
16:41:04|1|1|1|0|0|0|0|0|0|0|0|0|0|1|1|1|0|0|0|0|0|0|0|0|0|0
16:41:12|1|1|1|1|1|0|0|0|0|0|0|0|0|1|1|1|1|1|0|0|0|0|0|0|0|0
16:41:21|1|1|1|1|1|0|0|0|0|0|0|0|0|1|1|1|1|1|0|0|0|0|0|0|0|0
16:41:29|1|1|1|1|1|0|0|0|0|0|0|0|0|1|1|1|1|1|0|0|0|0|0|0|0|0
16:41:37|1|1|1|1|1|0|0|0|0|0|0|0|0|1|1|1|1|1|0|0|0|0|0|0|0|0
16:41:45|1|1|1|1|1|0|0|0|0|0|0|0|0|1|1|1|1|1|0|0|0|0|0|0|0|0
16:41:53|1|1|1|1|1|0|0|0|0|0|0|0|0|1|1|1|1|1|0|0|0|0|0|0|0|0
16:42:01|1|1|1|1|1|0|0|0|0|0|0|0|0|1|1|1|1|1|0|0|0|0|0|0|0|0
16:42:09|1|1|1|1|1|0|0|0|0|0|0|0|0|1|1|1|1|1|0|0|0|0|0|0|0|0
16:42:17|1|1|1|1|1|0|0|0|0|0|0|0|0|1|1|1|1|1|0|0|0|0|0|0|0|0
16:42:25|1|1|1|1|1|0|0|0|0|0|0|0|0|1|1|1|1|1|0|0|0|0|0|0|0|0
16:42:33|1|1|1|1|1|0|0|0|0|0|0|0|0|1|1|1|1|1|0|0|0|0|0|0|0|0
16:42:41|1|1|1|1|1|0|0|0|0|0|0|0|0|1|1|1|1|1|0|0|0|0|0|0|0|0
16:42:49|1|1|1|1|1|0|0|0|0|0|0|0|0|1|1|1|1|1|0|0|0|0|0|0|0|0
16:42:57|1|1|1|1|1|0|0|0|0|0|0|0|0|1|1|1|1|1|0|0|0|0|0|0|0|0
16:43:05|1|1|1|1|1|0|0|0|0|0|0|0|0|1|1|1|1|1|0|0|0|0|0|0|0|0
16:43:13|1|1|1|1|1|0|0|0|0|0|0|0|0|1|1|1|1|1|0|0|0|0|0|0|0|0
16:43:21|1|1|1|1|1|0|0|0|0|0|0|0|0|1|1|1|1|1|0|0|0|0|0|0|0|0
16:43:29|1|1|1|1|1|0|0|0|0|0|0|0|0|1|1|1|1|1|0|0|0|0|0|0|0|0
16:43:37|1|1|1|1|1|0|0|0|0|0|0|0|0|1|1|1|1|1|0|0|0|0|0|0|0|0
16:43:45|1|1|1|1|1|0|0|0|0|0|0|0|0|1|1|1|1|1|0|0|0|0|0|0|0|0
16:43:53
16:47:17|1|1|1|0|0|0|0|0|0|0|0|0|0|1|1|1|0|0|0|0|0|0|0|0|0|0
16:47:25|1|1|1|0|0|0|0|0|0|0|0|0|0|1|1|1|0|0|0|0|0|0|0|0|0|0
16:47:33|1|1|1|0|0|0|0|0|0|0|0|0|0|1|1|1|0|0|0|0|0|0|0|0|0|0
16:47:41|1|1|1|0|0|0|0|0|0|0|0|0|0|1|1|1|0|0|0|0|0|0|0|0|0|0
16:47:49|1|1|1|1|1|0|0|0|0|0|0|0|0|1|1|1|1|1|0|0|0|0|0|0|0|0
16:47:57|1|1|1|1|1|0|0|0|0|0|0|0|0|1|1|1|1|1|0|0|0|0|0|0|0|0
16:48:05|1|1|1|1|1|0|0|0|0|0|0|0|0|1|1|1|1|1|0|0|0|0|0|0|0|0
16:48:13|1|1|1|1|1|0|0|0|0|0|0|0|0|1|1|1|1|1|0|0|0|0|0|0|0|0
16:48:21|1|1|1|1|1|0|0|0|0|0|0|0|0|1|1|1|1|1|0|0|0|0|0|0|0|0
16:48:29|1|1|1|1|1|0|0|0|0|0|0|0|0|1|1|1|1|1|0|0|0|0|0|0|0|0
16:48:37|1|1|1|1|1|0|0|0|0|0|0|0|0|1|1|1|1|1|0|0|0|0|0|0|0|0
16:48:46|1|1|1|1|1|0|0|0|0|0|0|0|0|1|1|1|1|1|0|0|0|0|0|0|0|0
16:48:54|1|1|1|1|1|0|0|0|0|0|0|0|0|1|1|1|1|1|0|0|0|0|0|0|0|0
16:49:02|1|1|1|1|1|0|0|0|0|0|0|0|0|1|1|1|1|1|0|0|0|0|0|0|0|0
16:49:10|1|1|1|1|1|0|0|0|0|0|0|0|0|1|1|1|1|1|0|0|0|0|0|0|0|0
16:49:18|1|1|1|1|1|0|0|0|0|0|0|0|0|1|1|1|1|1|0|0|0|0|0|0|0|0
16:49:26|1|1|1|1|1|0|0|0|0|0|0|0|0|1|1|1|1|1|0|0|0|0|0|0|0|0
16:49:34|1|1|1|1|1|0|0|0|0|0|0|0|0|1|1|1|1|1|0|0|0|0|0|0|0|0
16:49:42|1|1|1|1|1|0|0|0|0|0|0|0|0|1|1|1|1|1|0|0|0|0|0|0|0|0
16:49:50|1|1|1|1|1|0|0|0|0|0|0|0|0|1|1|1|1|1|0|0|0|0|0|0|0|0
16:49:58|1|1|1|1|1|0|0|0|0|0|0|0|0|1|1|1|1|1|0|0|0|0|0|0|0|0
16:50:06|1|1|1|1|1|0|0|0|0|0|0|0|0|1|1|1|1|1|0|0|0|0|0|0|0|0
16:50:14|1|1|1|1|1|0|0|0|0|0|0|0|0|1|1|1|1|1|0|0|0|0|0|0|0|0
16:50:22|1|1|1|1|1|0|0|0|0|0|0|0|0|1|1|1|1|1|0|0|0|0|0|0|0|0
16:50:30|1|1|1|1|1|0|0|0|0|0|0|0|0|1|1|1|1|1|0|0|0|0|0|0|0|0
16:50:38|1|1|1|1|1|0|0|0|0|0|0|0|0|1|1|1|1|1|0|0|0|0|0|0|0|0
16:50:46|1|1|1|1|1|0|0|0|0|0|0|0|0|1|1|1|1|1|0|0|0|0|0|0|0|0
16:50:54|1|1|1|1|1|0|0|0|0|0|0|0|0|1|1|1|1|1|0|0|0|0|0|0|0|0
16:51:02|1|1|1|1|1|0|0|0|0|0|0|0|0|1|1|1|1|1|0|0|0|0|0|0|0|0
16:51:10|1|1|1|1|1|0|0|0|0|0|0|0|0|1|1|1|1|1|0|0|0|0|0|0|0|0
16:51:18|1|1|1|1|1|0|0|0|0|0|0|0|0|1|1|1|1|1|0|0|0|0|0|0|0|0
16:51:26|1|1|1|1|1|0|0|0|0|0|0|0|0|1|1|1|1|1|0|0|0|0|0|0|0|0
16:51:34|1|1|1|1|1|0|0|0|0|0|0|0|0|1|1|1|1|1|0|0|0|0|0|0|0|0
16:51:42|1|1|1|1|1|0|0|0|0|0|0|0|0|1|1|1|1|1|0|0|0|0|0|0|0|0
16:51:50|1|1|1|1|1|0|0|0|0|0|0|0|0|1|1|1|1|1|0|0|0|0|0|0|0|0
16:51:58|1|1|1|1|1|0|0|0|0|0|0|0|0|1|1|1|1|1|0|0|0|0|0|0|0|0
16:52:06|1|1|1|1|1|0|0|0|0|0|0|0|0|1|1|1|1|1|0|0|0|0|0|0|0|0
16:52:14|1|1|1|1|1|0|0|0|0|0|0|0|0|1|1|1|1|1|0|0|0|0|0|0|0|0
16:52:22|1|1|1|1|1|0|0|0|0|0|0|0|0|1|1|1|1|1|0|0|0|0|0|0|0|0
16:52:30|1|1|1|1|1|0|0|0|0|0|0|0|0|1|1|1|1|1|0|0|0|0|0|0|0|0
16:52:38|1|1|1|1|1|0|0|0|0|0|0|0|0|1|1|1|1|1|0|0|0|0|0|0|0|0
16:52:46|1|1|1|1|1|0|0|0|0|0|0|0|0|1|1|1|1|1|0|0|0|0|0|0|0|0
16:52:54|1|1|1|1|1|0|0|0|0|0|0|0|0|1|1|1|1|1|0|0|0|0|0|0|0|0
16:53:02|1|1|1|1|1|0|0|0|0|0|0|0|0|1|1|1|1|1|0|0|0|0|0|0|0|0
16:53:10|1|1|1|1|1|0|0|0|0|0|0|0|0|1|1|1|1|1|0|0|0|0|0|0|0|0
16:53:18|1|1|1|1|1|0|0|0|0|0|0|0|0|1|1|1|1|1|0|0|0|0|0|0|0|0
16:53:26|1|1|1|1|1|0|0|0|0|0|0|0|0|1|1|1|1|1|0|0|0|0|0|0|0|0
16:53:34|1|1|1|1|1|0|0|0|0|0|0|0|0|1|1|1|1|1|0|0|0|0|0|0|0|0
16:53:42|1|1|1|1|1|0|0|0|0|0|0|0|0|1|1|1|1|1|0|0|0|0|0|0|0|0
16:53:50|1|1|1|1|1|0|0|0|0|0|0|0|0|1|1|1|1|1|0|0|0|0|0|0|0|0
16:53:58|1|1|1|1|1|0|0|0|0|0|0|0|0|1|1|1|1|1|0|0|0|0|0|0|0|0
16:54:06|1|1|1|1|1|0|0|0|0|0|0|0|0|1|1|1|1|1|0|0|0|0|0|0|0|0
16:54:15|1|1|1|1|1|0|0|0|0|0|0|0|0|1|1|1|1|1|0|0|0|0|0|0|0|0
16:54:23|1|1|1|1|1|0|0|0|0|0|0|0|0|1|1|1|1|1|0|0|0|0|0|0|0|0
16:54:31|1|1|1|1|1|0|0|0|0|0|0|0|0|1|1|1|1|1|0|0|0|0|0|0|0|0
16:54:39|1|1|1|1|1|0|0|0|0|0|0|0|0|1|1|1|1|1|0|0|0|0|0|0|0|0
16:54:47|1|1|1|1|1|0|0|0|0|0|0|0|0|1|1|1|1|1|0|0|0|0|0|0|0|0
16:54:55|1|1|1|1|1|0|0|0|0|0|0|0|0|1|1|1|1|1|0|0|0|0|0|0|0|0
16:55:03|1|1|1|1|1|0|0|0|0|0|0|0|0|1|1|1|1|1|0|0|0|0|0|0|0|0
16:55:11|1|1|1|1|1|0|0|0|0|0|0|0|0|1|1|1|1|1|0|0|0|0|0|0|0|0
16:55:19|1|1|1|1|1|0|0|0|0|0|0|0|0|1|1|1|1|1|0|0|0|0|0|0|0|0
16:55:27|1|1|1|1|1|0|0|0|0|0|0|0|0|1|1|1|1|1|0|0|0|0|0|0|0|0
16:55:35|1|1|1|1|1|0|0|0|0|0|0|0|0|1|1|1|1|1|0|0|0|0|0|0|0|0
16:55:43|1|1|1|1|1|0|0|0|0|0|0|0|0|1|1|1|1|1|0|0|0|0|0|0|0|0
16:55:51|1|1|1|1|1|0|0|0|0|0|0|0|0|1|1|1|1|1|0|0|0|0|0|0|0|0
16:55:59|1|1|1|1|1|0|0|0|0|0|0|0|0|1|1|1|1|1|0|0|0|0|0|0|0|0
16:56:07|1|1|1|1|1|0|0|0|0|0|0|0|0|1|1|1|1|1|0|0|0|0|0|0|0|0
16:56:15|1|1|1|1|1|0|0|0|0|0|0|0|0|1|1|1|1|1|0|0|0|0|0|0|0|0
16:56:23|1|1|1|1|1|0|0|0|0|0|0|0|0|1|1|1|1|1|0|0|0|0|0|0|0|0
16:56:31|1|1|1|1|1|0|0|0|0|0|0|0|0|1|1|1|1|1|0|0|0|0|0|0|0|0
16:56:39|1|1|1|1|1|0|0|0|0|0|0|0|0|1|1|1|1|1|0|0|0|0|0|0|0|0
16:56:47|1|1|1|1|1|0|0|0|0|0|0|0|0|1|1|1|1|1|0|0|0|0|0|0|0|0
16:56:55|1|1|1|1|1|0|0|0|0|0|0|0|0|1|1|1|1|1|0|0|0|0|0|0|0|0
16:57:03|1|1|1|1|1|0|0|0|0|0|0|0|0|1|1|1|1|1|0|0|0|0|0|0|0|0
16:57:11|1|1|1|1|1|0|0|0|0|0|0|0|0|1|1|1|1|1|0|0|0|0|0|0|0|0
16:57:19|1|1|1|1|1|0|0|0|0|0|0|0|0|1|1|1|1|1|0|0|0|0|0|0|0|0
16:57:27|1|1|1|1|1|0|0|0|0|0|0|0|0|1|1|1|1|1|0|0|0|0|0|0|0|0
16:57:35|1|1|1|1|1|0|0|0|0|0|0|0|0|1|1|1|1|1|0|0|0|0|0|0|0|0
16:57:43|1|1|1|1|1|0|0|0|0|0|0|0|0|1|1|1|1|1|0|0|0|0|0|0|0|0
16:57:51|1|1|1|1|1|0|0|0|0|0|0|0|0|1|1|1|1|1|0|0|0|0|0|0|0|0
16:57:59|1|1|1|1|1|0|0|0|0|0|0|0|0|1|1|1|1|1|0|0|0|0|0|0|0|0
16:58:07|1|1|1|1|1|0|0|0|0|0|0|0|0|1|1|1|1|1|0|0|0|0|0|0|0|0
16:58:15|1|1|1|1|1|0|0|0|0|0|0|0|0|1|1|1|1|1|0|0|0|0|0|0|0|0
16:58:23|1|1|1|1|1|0|0|0|0|0|0|0|0|1|1|1|1|1|0|0|0|0|0|0|0|0
16:58:31|1|1|1|1|1|0|0|0|0|0|0|0|0|1|1|1|1|1|0|0|0|0|0|0|0|0
16:58:39|1|1|1|1|1|0|0|0|0|0|0|0|0|1|1|1|1|1|0|0|0|0|0|0|0|0
16:58:47|1|1|1|1|1|0|0|0|0|0|0|0|0|1|1|1|1|1|0|0|0|0|0|0|0|0
16:58:56|1|1|1|1|1|0|0|0|0|0|0|0|0|1|1|1|1|1|0|0|0|0|0|0|0|0
16:59:04|1|1|1|1|1|0|0|0|0|0|0|0|0|1|1|1|1|1|0|0|0|0|0|0|0|0
16:59:12|1|1|1|1|1|0|0|0|0|0|0|0|0|1|1|1|1|1|0|0|0|0|0|0|0|0
16:59:20|1|1|1|1|1|0|0|0|0|0|0|0|0|1|1|1|1|1|0|0|0|0|0|0|0|0
16:59:28|1|1|1|1|1|0|0|0|0|0|0|0|0|1|1|1|1|1|0|0|0|0|0|0|0|0
16:59:36|1|1|1|1|1|0|0|0|0|0|0|0|0|1|1|1|1|1|0|0|0|0|0|0|0|0
16:59:44|1|1|1|1|1|0|0|0|0|0|0|0|0|1|1|1|1|1|0|0|0|0|0|0|0|0
16:59:52|1|1|1|1|1|0|0|0|0|0|0|0|0|1|1|1|1|1|0|0|0|0|0|0|0|0
17:00:00|1|1|1|1|1|0|0|0|0|0|0|0|0|1|1|1|1|1|0|0|0|0|0|0|0|0
17:00:08|1|1|1|1|1|0|0|0|0|0|0|0|0|1|1|1|1|1|0|0|0|0|0|0|0|0
17:00:16|1|1|1|1|1|0|0|0|0|0|0|0|0|1|1|1|1|1|0|0|0|0|0|0|0|0
17:00:24|1|1|1|1|1|0|0|0|0|0|0|0|0|1|1|1|1|1|0|0|0|0|0|0|0|0
17:00:32|1|1|1|1|1|0|0|0|0|0|0|0|0|1|1|1|1|1|0|0|0|0|0|0|0|0
17:00:40|1|1|1|1|1|0|0|0|0|0|0|0|0|1|1|1|1|1|0|0|0|0|0|0|0|0
17:00:48|1|1|1|1|1|0|0|0|0|0|0|0|0|1|1|1|1|1|0|0|0|0|0|0|0|0
17:00:56|1|1|1|1|1|0|0|0|0|0|0|0|0|1|1|1|1|1|0|0|0|0|0|0|0|0
17:01:04|1|1|1|1|1|0|0|0|0|0|0|0|0|1|1|1|1|1|0|0|0|0|0|0|0|0
17:01:12|1|1|1|1|1|0|0|0|0|0|0|0|0|1|1|1|1|1|0|0|0|0|0|0|0|0
17:01:20|1|1|1|1|1|0|0|0|0|0|0|0|0|1|1|1|1|1|0|0|0|0|0|0|0|0
17:01:28|1|1|1|1|1|0|0|0|0|0|0|0|0|1|1|1|1|1|0|0|0|0|0|0|0|0
17:01:36|1|1|1|1|1|0|0|0|0|0|0|0|0|1|1|1|1|1|0|0|0|0|0|0|0|0
17:01:44|1|1|1|1|1|0|0|0|0|0|0|0|0|1|1|1|1|1|0|0|0|0|0|0|0|0
17:01:52|1|1|1|1|1|0|0|0|0|0|0|0|0|1|1|1|1|1|0|0|0|0|0|0|0|0
17:02:00|1|1|1|1|1|0|0|0|0|0|0|0|0|1|1|1|1|1|0|0|0|0|0|0|0|0
17:02:08|1|1|1|1|1|0|0|0|0|0|0|0|0|1|1|1|1|1|0|0|0|0|0|0|0|0
17:02:16|1|1|1|1|1|0|0|0|0|0|0|0|0|1|1|1|1|1|0|0|0|0|0|0|0|0
17:02:24|1|1|1|1|1|0|0|0|0|0|0|0|0|1|1|1|1|1|0|0|0|0|0|0|0|0
17:02:32|1|1|1|1|1|0|0|0|0|0|0|0|0|1|1|1|1|1|0|0|0|0|0|0|0|0
17:02:40|1|1|1|1|1|0|0|0|0|0|0|0|0|1|1|1|1|1|0|0|0|0|0|0|0|0
17:02:48|1|1|1|1|1|0|0|0|0|0|0|0|0|1|1|1|1|1|0|0|0|0|0|0|0|0
17:02:56|1|1|1|1|1|0|0|0|0|0|0|0|0|1|1|1|1|1|0|0|0|0|0|0|0|0
17:03:04|1|1|1|1|1|0|0|0|0|0|0|0|0|1|1|1|1|1|0|0|0|0|0|0|0|0
17:03:12|1|1|1|1|1|0|0|0|0|0|0|0|0|1|1|1|1|1|0|0|0|0|0|0|0|0
17:03:20|1|1|1|1|1|0|0|0|0|0|0|0|0|1|1|1|1|1|0|0|0|0|0|0|0|0
17:03:28|1|1|1|1|1|0|0|0|0|0|0|0|0|1|1|1|1|1|0|0|0|0|0|0|0|0
17:03:36|1|1|1|1|1|0|0|0|0|0|0|0|0|1|1|1|1|1|0|0|0|0|0|0|0|0
17:03:44|1|1|1|1|1|0|0|0|0|0|0|0|0|1|1|1|1|1|0|0|0|0|0|0|0|0
17:03:52|1|1|1|1|1|0|0|0|0|0|0|0|0|1|1|1|1|1|0|0|0|0|0|0|0|0
17:04:00|1|1|1|1|1|0|0|0|0|0|0|0|0|1|1|1|1|1|0|0|0|0|0|0|0|0
17:04:08|1|1|1|1|1|0|0|0|0|0|0|0|0|1|1|1|1|1|0|0|0|0|0|0|0|0
17:04:17|1|1|1|1|1|0|0|0|0|0|0|0|0|1|1|1|1|1|0|0|0|0|0|0|0|0
17:04:25|1|1|1|1|1|0|0|0|0|0|0|0|0|1|1|1|1|1|0|0|0|0|0|0|0|0
17:04:33|1|1|1|1|1|0|0|0|0|0|0|0|0|1|1|1|1|1|0|0|0|0|0|0|0|0
17:04:41|1|1|1|1|1|0|0|0|0|0|0|0|0|1|1|1|1|1|0|0|0|0|0|0|0|0
17:04:49|1|1|1|1|1|0|0|0|0|0|0|0|0|1|1|1|1|1|0|0|0|0|0|0|0|0
17:04:57|1|1|1|1|1|0|0|0|0|0|0|0|0|1|1|1|1|1|0|0|0|0|0|0|0|0
17:05:05|1|1|1|1|1|0|0|0|0|0|0|0|0|1|1|1|1|1|0|0|0|0|0|0|0|0
17:05:13|1|1|1|1|1|0|0|0|0|0|0|0|0|1|1|1|1|1|0|0|0|0|0|0|0|0
17:05:21|1|1|1|1|1|0|0|0|0|0|0|0|0|1|1|1|1|1|0|0|0|0|0|0|0|0
17:05:29|1|1|1|1|1|0|0|0|0|0|0|0|0|1|1|1|1|1|0|0|0|0|0|0|0|0
17:05:37|1|1|1|1|1|0|0|0|0|0|0|0|0|1|1|1|1|1|0|0|0|0|0|0|0|0
17:05:45|1|1|1|1|1|0|0|0|0|0|0|0|0|1|1|1|1|1|0|0|0|0|0|0|0|0
17:05:53|1|1|1|1|1|0|0|0|0|0|0|0|0|1|1|1|1|1|0|0|0|0|0|0|0|0
17:06:01|1|1|1|1|1|0|0|0|0|0|0|0|0|1|1|1|1|1|0|0|0|0|0|0|0|0
17:06:09|1|1|1|1|1|0|0|0|0|0|0|0|0|1|1|1|1|1|0|0|0|0|0|0|0|0
17:06:17|1|1|1|1|1|0|0|0|0|0|0|0|0|1|1|1|1|1|0|0|0|0|0|0|0|0
17:06:25|1|1|1|1|1|0|0|0|0|0|0|0|0|1|1|1|1|1|0|0|0|0|0|0|0|0
17:06:33|1|1|1|1|1|0|0|0|0|0|0|0|0|1|1|1|1|1|0|0|0|0|0|0|0|0
17:06:41|1|1|1|1|1|0|0|0|0|0|0|0|0|1|1|1|1|1|0|0|0|0|0|0|0|0
17:06:49|1|1|1|1|1|0|0|0|0|0|0|0|0|1|1|1|1|1|0|0|0|0|0|0|0|0
17:06:57|1|1|1|1|1|0|0|0|0|0|0|0|0|1|1|1|1|1|0|0|0|0|0|0|0|0
17:07:05|1|1|1|1|1|0|0|0|0|0|0|0|0|1|1|1|1|1|0|0|0|0|0|0|0|0
17:07:13|1|1|1|1|1|0|0|0|0|0|0|0|0|1|1|1|1|1|0|0|0|0|0|0|0|0
17:07:21|1|1|1|1|1|0|0|0|0|0|0|0|0|1|1|1|1|1|0|0|0|0|0|0|0|0
17:07:29|1|1|1|1|1|0|0|0|0|0|0|0|0|1|1|1|1|1|0|0|0|0|0|0|0|0
17:07:37|1|1|1|1|1|0|0|0|0|0|0|0|0|1|1|1|1|1|0|0|0|0|0|0|0|0
17:07:45|1|1|1|1|1|0|0|0|0|0|0|0|0|1|1|1|1|1|0|0|0|0|0|0|0|0
17:07:53|1|1|1|1|1|0|0|0|0|0|0|0|0|1|1|1|1|1|0|0|0|0|0|0|0|0
17:08:01|1|1|1|1|1|0|0|0|0|0|0|0|0|1|1|1|1|1|0|0|0|0|0|0|0|0
17:08:09|1|1|1|1|1|0|0|0|0|0|0|0|0|1|1|1|1|1|0|0|0|0|0|0|0|0
17:08:17|1|1|1|1|1|0|0|0|0|0|0|0|0|1|1|1|1|1|0|0|0|0|0|0|0|0
17:08:25|1|1|1|1|1|0|0|0|0|0|0|0|0|1|1|1|1|1|0|0|0|0|0|0|0|0
17:08:34|1|1|1|1|1|0|0|0|0|0|0|0|0|1|1|1|1|1|0|0|0|0|0|0|0|0
17:08:42|1|1|1|1|1|0|0|0|0|0|0|0|0|1|1|1|1|1|0|0|0|0|0|0|0|0
17:08:50|1|1|1|1|1|0|0|0|0|0|0|0|0|1|1|1|1|1|0|0|0|0|0|0|0|0
17:08:58|1|1|1|1|1|0|0|0|0|0|0|0|0|1|1|1|1|1|0|0|0|0|0|0|0|0
17:09:06|1|1|1|1|1|0|0|0|0|0|0|0|0|1|1|1|1|1|0|0|0|0|0|0|0|0
17:09:14|1|1|1|1|1|0|0|0|0|0|0|0|0|1|1|1|1|1|0|0|0|0|0|0|0|0
17:09:22|1|1|1|1|1|0|0|0|0|0|0|0|0|1|1|1|1|1|0|0|0|0|0|0|0|0
17:09:30|1|1|1|1|1|0|0|0|0|0|0|0|0|1|1|1|1|1|0|0|0|0|0|0|0|0
17:09:38|1|1|1|1|1|0|0|0|0|0|0|0|0|1|1|1|1|1|0|0|0|0|0|0|0|0
17:09:46|1|1|1|1|1|0|0|0|0|0|0|0|0|1|1|1|1|1|0|0|0|0|0|0|0|0
17:09:54|1|1|1|1|1|0|0|0|0|0|0|0|0|1|1|1|1|1|0|0|0|0|0|0|0|0
17:10:02|1|1|1|1|1|0|0|0|0|0|0|0|0|1|1|1|1|1|0|0|0|0|0|0|0|0
17:10:10|1|1|1|1|1|0|0|0|0|0|0|0|0|1|1|1|1|1|0|0|0|0|0|0|0|0
17:10:18|1|1|1|1|1|0|0|0|0|0|0|0|0|1|1|1|1|1|0|0|0|0|0|0|0|0
17:10:26|1|1|1|1|1|0|0|0|0|0|0|0|0|1|1|1|1|1|0|0|0|0|0|0|0|0
17:10:34|1|1|1|1|1|0|0|0|0|0|0|0|0|1|1|1|1|1|0|0|0|0|0|0|0|0
17:10:42|1|1|1|1|1|0|0|0|0|0|0|0|0|1|1|1|1|1|0|0|0|0|0|0|0|0
17:10:50|1|1|1|1|1|0|0|0|0|0|0|0|0|1|1|1|1|1|0|0|0|0|0|0|0|0
17:10:58|1|1|1|1|1|0|0|0|0|0|0|0|0|1|1|1|1|1|0|0|0|0|0|0|0|0
17:11:06|1|1|1|1|1|0|0|0|0|0|0|0|0|1|1|1|1|1|0|0|0|0|0|0|0|0
17:11:14|1|1|1|1|1|0|0|0|0|0|0|0|0|1|1|1|1|1|0|0|0|0|0|0|0|0
17:11:22|1|1|1|1|1|0|0|0|0|0|0|0|0|1|1|1|1|1|0|0|0|0|0|0|0|0
17:11:30|1|1|1|1|1|0|0|0|0|0|0|0|0|1|1|1|1|1|0|0|0|0|0|0|0|0
17:11:38|1|1|1|1|1|0|0|0|0|0|0|0|0|1|1|1|1|1|0|0|0|0|0|0|0|0
17:11:46|1|1|1|1|1|0|0|0|0|0|0|0|0|1|1|1|1|1|0|0|0|0|0|0|0|0
17:11:54|1|1|1|1|1|0|0|0|0|0|0|0|0|1|1|1|1|1|0|0|0|0|0|0|0|0
17:12:02|1|1|1|1|1|0|0|0|0|0|0|0|0|1|1|1|1|1|0|0|0|0|0|0|0|0
17:12:10|1|1|1|1|1|0|0|0|0|0|0|0|0|1|1|1|1|1|0|0|0|0|0|0|0|0
17:12:18|1|1|1|1|1|0|0|0|0|0|0|0|0|1|1|1|1|1|0|0|0|0|0|0|0|0
17:12:26|1|1|1|1|1|0|0|0|0|0|0|0|0|1|1|1|1|1|0|0|0|0|0|0|0|0
17:12:34|1|1|1|1|1|0|0|0|0|0|0|0|0|1|1|1|1|1|0|0|0|0|0|0|0|0
17:12:42|1|1|1|1|1|0|0|0|0|0|0|0|0|1|1|1|1|1|0|0|0|0|0|0|0|0
17:12:50|1|1|1|1|1|0|0|0|0|0|0|0|0|1|1|1|1|1|0|0|0|0|0|0|0|0
17:12:58|1|1|1|1|1|0|0|0|0|0|0|0|0|1|1|1|1|1|0|0|0|0|0|0|0|0
17:13:06|1|1|1|1|1|0|0|0|0|0|0|0|0|1|1|1|1|1|0|0|0|0|0|0|0|0
17:13:14|1|1|1|1|1|0|0|0|0|0|0|0|0|1|1|1|1|1|0|0|0|0|0|0|0|0
17:13:22|1|1|1|1|1|0|0|0|0|0|0|0|0|1|1|1|1|1|0|0|0|0|0|0|0|0
17:13:30|1|1|1|1|1|0|0|0|0|0|0|0|0|1|1|1|1|1|0|0|0|0|0|0|0|0
17:13:38|1|1|1|1|1|0|0|0|0|0|0|0|0|1|1|1|1|1|0|0|0|0|0|0|0|0
17:13:46|1|1|1|1|1|0|0|0|0|0|0|0|0|1|1|1|1|1|0|0|0|0|0|0|0|0
17:13:54|1|1|1|1|1|0|0|0|0|0|0|0|0|1|1|1|1|1|0|0|0|0|0|0|0|0
17:14:02|1|1|1|1|1|0|0|0|0|0|0|0|0|1|1|1|1|1|0|0|0|0|0|0|0|0
17:14:10|1|1|1|1|1|0|0|0|0|0|0|0|0|1|1|1|1|1|0|0|0|0|0|0|0|0
17:14:18|1|1|1|1|1|0|0|0|0|0|0|0|0|1|1|1|1|1|0|0|0|0|0|0|0|0
17:14:26|1|1|1|1|1|0|0|0|0|0|0|0|0|1|1|1|1|1|0|0|0|0|0|0|0|0
17:14:34|1|1|1|1|1|0|0|0|0|0|0|0|0|1|1|1|1|1|0|0|0|0|0|0|0|0
17:14:42|1|1|1|1|1|0|0|0|0|0|0|0|0|1|1|1|1|1|0|0|0|0|0|0|0|0
17:14:51|1|1|1|1|1|0|0|0|0|0|0|0|0|1|1|1|1|1|0|0|0|0|0|0|0|0
17:14:59|1|1|1|1|1|0|0|0|0|0|0|0|0|1|1|1|1|1|0|0|0|0|0|0|0|0
17:15:07|1|1|1|1|1|0|0|0|0|0|0|0|0|1|1|1|1|1|0|0|0|0|0|0|0|0
17:15:15|1|1|1|1|1|0|0|0|0|0|0|0|0|1|1|1|1|1|0|0|0|0|0|0|0|0
17:15:23|1|1|1|1|1|0|0|0|0|0|0|0|0|1|1|1|1|1|0|0|0|0|0|0|0|0
17:15:31|1|1|1|1|1|0|0|0|0|0|0|0|0|1|1|1|1|1|0|0|0|0|0|0|0|0
17:15:39|1|1|1|1|1|0|0|0|0|0|0|0|0|1|1|1|1|1|0|0|0|0|0|0|0|0
17:15:47|1|1|1|1|1|0|0|0|0|0|0|0|0|1|1|1|1|1|0|0|0|0|0|0|0|0
17:15:55|1|1|1|1|1|0|0|0|0|0|0|0|0|1|1|1|1|1|0|0|0|0|0|0|0|0
17:16:03|1|1|1|1|1|0|0|0|0|0|0|0|0|1|1|1|1|1|0|0|0|0|0|0|0|0
17:16:11|1|1|1|1|1|0|0|0|0|0|0|0|0|1|1|1|1|1|0|0|0|0|0|0|0|0
17:16:19|1|1|1|1|1|0|0|0|0|0|0|0|0|1|1|1|1|1|0|0|0|0|0|0|0|0
17:16:27|1|1|1|1|1|0|0|0|0|0|0|0|0|1|1|1|1|1|0|0|0|0|0|0|0|0
17:16:35|1|1|1|1|1|0|0|0|0|0|0|0|0|1|1|1|1|1|0|0|0|0|0|0|0|0
17:16:43|1|1|1|1|1|0|0|0|0|0|0|0|0|1|1|1|1|1|0|0|0|0|0|0|0|0
17:16:51|1|1|1|1|1|0|0|0|0|0|0|0|0|1|1|1|1|1|0|0|0|0|0|0|0|0
17:16:59|1|1|1|1|1|0|0|0|0|0|0|0|0|1|1|1|1|1|0|0|0|0|0|0|0|0
17:17:07|1|1|1|1|1|0|0|0|0|0|0|0|0|1|1|1|1|1|0|0|0|0|0|0|0|0
17:17:15|1|1|1|1|1|0|0|0|0|0|0|0|0|1|1|1|1|1|0|0|0|0|0|0|0|0
17:17:23|1|1|1|1|1|0|0|0|0|0|0|0|0|1|1|1|1|1|0|0|0|0|0|0|0|0
17:17:31|1|1|1|1|1|0|0|0|0|0|0|0|0|1|1|1|1|1|0|0|0|0|0|0|0|0
17:17:39|1|1|1|1|1|0|0|0|0|0|0|0|0|1|1|1|1|1|0|0|0|0|0|0|0|0
17:17:47|1|1|1|1|1|0|0|0|0|0|0|0|0|1|1|1|1|1|0|0|0|0|0|0|0|0
17:17:55|1|1|1|1|1|0|0|0|0|0|0|0|0|1|1|1|1|1|0|0|0|0|0|0|0|0
17:18:03|1|1|1|1|1|0|0|0|0|0|0|0|0|1|1|1|1|1|0|0|0|0|0|0|0|0
17:18:11|1|1|1|1|1|0|0|0|0|0|0|0|0|1|1|1|1|1|0|0|0|0|0|0|0|0
17:18:19|1|1|1|1|1|0|0|0|0|0|0|0|0|1|1|1|1|1|0|0|0|0|0|0|0|0
17:18:27|1|1|1|1|1|0|0|0|0|0|0|0|0|1|1|1|1|1|0|0|0|0|0|0|0|0
17:18:35|1|1|1|1|1|0|0|0|0|0|0|0|0|1|1|1|1|1|0|0|0|0|0|0|0|0
17:18:43|1|1|1|1|1|0|0|0|0|0|0|0|0|1|1|1|1|1|0|0|0|0|0|0|0|0
17:18:51|1|1|1|1|1|0|0|0|0|0|0|0|0|1|1|1|1|1|0|0|0|0|0|0|0|0
17:18:59|1|1|1|1|1|0|0|0|0|0|0|0|0|1|1|1|1|1|0|0|0|0|0|0|0|0
17:19:08|1|1|1|1|1|0|0|0|0|0|0|0|0|1|1|1|1|1|0|0|0|0|0|0|0|0
17:19:16|1|1|1|1|1|0|0|0|0|0|0|0|0|1|1|1|1|1|0|0|0|0|0|0|0|0
17:19:24|1|1|1|1|1|0|0|0|0|0|0|0|0|1|1|1|1|1|0|0|0|0|0|0|0|0
17:19:32|1|1|1|1|1|0|0|0|0|0|0|0|0|1|1|1|1|1|0|0|0|0|0|0|0|0
17:19:40|1|1|1|1|1|0|0|0|0|0|0|0|0|1|1|1|1|1|0|0|0|0|0|0|0|0
17:19:48|1|1|1|1|1|0|0|0|0|0|0|0|0|1|1|1|1|1|0|0|0|0|0|0|0|0
17:19:56|1|1|1|1|1|0|0|0|0|0|0|0|0|1|1|1|1|1|0|0|0|0|0|0|0|0
17:20:04|1|1|1|1|1|0|0|0|0|0|0|0|0|1|1|1|1|1|0|0|0|0|0|0|0|0
17:20:12|1|1|1|1|1|0|0|0|0|0|0|0|0|1|1|1|1|1|0|0|0|0|0|0|0|0
17:20:20|1|1|1|1|1|0|0|0|0|0|0|0|0|1|1|1|1|1|0|0|0|0|0|0|0|0
17:20:28|1|1|1|1|1|0|0|0|0|0|0|0|0|1|1|1|1|1|0|0|0|0|0|0|0|0
17:20:36|1|1|1|1|1|0|0|0|0|0|0|0|0|1|1|1|1|1|0|0|0|0|0|0|0|0
17:20:44|1|1|1|1|1|0|0|0|0|0|0|0|0|1|1|1|1|1|0|0|0|0|0|0|0|0
17:20:52|1|1|1|1|1|0|0|0|0|0|0|0|0|1|1|1|1|1|0|0|0|0|0|0|0|0
17:21:00|1|1|1|1|1|0|0|0|0|0|0|0|0|1|1|1|1|1|0|0|0|0|0|0|0|0
17:21:08|1|1|1|1|1|0|0|0|0|0|0|0|0|1|1|1|1|1|0|0|0|0|0|0|0|0
17:21:16|1|1|1|1|1|0|0|0|0|0|0|0|0|1|1|1|1|1|0|0|0|0|0|0|0|0
17:21:24|1|1|1|1|1|0|0|0|0|0|0|0|0|1|1|1|1|1|0|0|0|0|0|0|0|0
17:21:32|1|1|1|1|1|0|0|0|0|0|0|0|0|1|1|1|1|1|0|0|0|0|0|0|0|0
17:21:40|1|1|1|1|1|0|0|0|0|0|0|0|0|1|1|1|1|1|0|0|0|0|0|0|0|0
17:21:48|1|1|1|1|1|0|0|0|0|0|0|0|0|1|1|1|1|1|0|0|0|0|0|0|0|0
17:21:56|1|1|1|1|1|0|0|0|0|0|0|0|0|1|1|1|1|1|0|0|0|0|0|0|0|0
17:22:04|1|1|1|1|1|0|0|0|0|0|0|0|0|1|1|1|1|1|0|0|0|0|0|0|0|0
17:22:12|1|1|1|1|1|0|0|0|0|0|0|0|0|1|1|1|1|1|0|0|0|0|0|0|0|0
17:22:20|1|1|1|1|1|0|0|0|0|0|0|0|0|1|1|1|1|1|0|0|0|0|0|0|0|0
17:22:28|1|1|1|1|1|0|0|0|0|0|0|0|0|1|1|1|1|1|0|0|0|0|0|0|0|0
17:22:36|1|1|1|1|1|0|0|0|0|0|0|0|0|1|1|1|1|1|0|0|0|0|0|0|0|0
17:22:44|1|1|1|1|1|0|0|0|0|0|0|0|0|1|1|1|1|1|0|0|0|0|0|0|0|0
17:22:52|1|1|1|1|1|0|0|0|0|0|0|0|0|1|1|1|1|1|0|0|0|0|0|0|0|0
17:23:01|1|1|1|1|1|0|0|0|0|0|0|0|0|1|1|1|1|1|0|0|0|0|0|0|0|0
17:23:09|1|1|1|1|1|0|0|0|0|0|0|0|0|1|1|1|1|1|0|0|0|0|0|0|0|0
17:23:17|1|1|1|1|1|0|0|0|0|0|0|0|0|1|1|1|1|1|0|0|0|0|0|0|0|0
17:23:25|1|1|1|1|1|0|0|0|0|0|0|0|0|1|1|1|1|1|0|0|0|0|0|0|0|0
17:23:33|1|1|1|1|1|0|0|0|0|0|0|0|0|1|1|1|1|1|0|0|0|0|0|0|0|0
17:23:41|1|1|1|1|1|0|0|0|0|0|0|0|0|1|1|1|1|1|0|0|0|0|0|0|0|0
17:23:49|1|1|1|1|1|0|0|0|0|0|0|0|0|1|1|1|1|1|0|0|0|0|0|0|0|0
17:23:57|1|1|1|1|1|0|0|0|0|0|0|0|0|1|1|1|1|1|0|0|0|0|0|0|0|0
17:24:05|1|1|1|1|1|0|0|0|0|0|0|0|0|1|1|1|1|1|0|0|0|0|0|0|0|0
17:24:13|1|1|1|1|1|0|0|0|0|0|0|0|0|1|1|1|1|1|0|0|0|0|0|0|0|0
17:24:21|1|1|1|1|1|0|0|0|0|0|0|0|0|1|1|1|1|1|0|0|0|0|0|0|0|0
17:24:29|1|1|1|1|1|0|0|0|0|0|0|0|0|1|1|1|1|1|0|0|0|0|0|0|0|0
17:24:37|1|1|1|1|1|0|0|0|0|0|0|0|0|1|1|1|1|1|0|0|0|0|0|0|0|0
17:24:45|1|1|1|1|1|0|0|0|0|0|0|0|0|1|1|1|1|1|0|0|0|0|0|0|0|0
17:24:53|1|1|1|1|1|0|0|0|0|0|0|0|0|1|1|1|1|1|0|0|0|0|0|0|0|0
17:25:01|1|1|1|1|1|0|0|0|0|0|0|0|0|1|1|1|1|1|0|0|0|0|0|0|0|0
17:25:09|1|1|1|1|1|0|0|0|0|0|0|0|0|1|1|1|1|1|0|0|0|0|0|0|0|0
17:25:17|1|1|1|1|1|0|0|0|0|0|0|0|0|1|1|1|1|1|0|0|0|0|0|0|0|0
17:25:25|1|1|1|1|1|0|0|0|0|0|0|0|0|1|1|1|1|1|0|0|0|0|0|0|0|0
17:25:33|1|1|1|1|1|0|0|0|0|0|0|0|0|1|1|1|1|1|0|0|0|0|0|0|0|0
17:25:41|1|1|1|1|1|0|0|0|0|0|0|0|0|1|1|1|1|1|0|0|0|0|0|0|0|0
17:25:49|1|1|1|1|1|0|0|0|0|0|0|0|0|1|1|1|1|1|0|0|0|0|0|0|0|0
17:25:57|1|1|1|1|1|0|0|0|0|0|0|0|0|1|1|1|1|1|0|0|0|0|0|0|0|0
17:26:05|1|1|1|1|1|0|0|0|0|0|0|0|0|1|1|1|1|1|0|0|0|0|0|0|0|0
17:26:13|1|1|1|1|1|0|0|0|0|0|0|0|0|1|1|1|1|1|0|0|0|0|0|0|0|0
17:26:21|1|1|1|1|1|0|0|0|0|0|0|0|0|1|1|1|1|1|0|0|0|0|0|0|0|0
17:26:29|1|1|1|1|1|0|0|0|0|0|0|0|0|1|1|1|1|1|0|0|0|0|0|0|0|0
17:26:37|1|1|1|1|1|0|0|0|0|0|0|0|0|1|1|1|1|1|0|0|0|0|0|0|0|0
17:26:46|1|1|1|1|1|0|0|0|0|0|0|0|0|1|1|1|1|1|0|0|0|0|0|0|0|0
17:26:54|1|1|1|1|1|0|0|0|0|0|0|0|0|1|1|1|1|1|0|0|0|0|0|0|0|0
17:27:02|1|1|1|1|1|0|0|0|0|0|0|0|0|1|1|1|1|1|0|0|0|0|0|0|0|0
17:27:10|1|1|1|1|1|0|0|0|0|0|0|0|0|1|1|1|1|1|0|0|0|0|0|0|0|0
17:27:18|1|1|1|1|1|0|0|0|0|0|0|0|0|1|1|1|1|1|0|0|0|0|0|0|0|0
